# Halo ids compiled from Rockstar halos in the base simulation that satisfy the following criteria:

# 1. Halo mass in the range [5e9 - 5e12] MSun/h
# 2. Halo mass is at least 4 time the mass of the most massive neighbour inside the halo virial radius
# 3. There is no neighouring halo more massive than 1e13 Msun/h in a 1 Mpc/h radius
4898
3095
2885
1524
1330
3181
9466
10053
2400
2261
7820
3665
8651
8533
9635
9631
9630
8782
5121
10536
10276
10015
8512
3549
3637
2428
3699
7116
2741
6112
11068
8184
8757
9258
8058
3822
5519
9092
9110
6108
5703
11117
2569
10802
2816
8637
2614
2749
2379
2848
9427
6247
8348
3119
3068
2980
2411
4089
8919
3390
3171
4549
122472
116421
119065
116110
118432
116056
116662
116552
117052
116282
114593
121150
117271
116935
5939
116658
2230
1686
115977
2381
2150
11104
7606
1578
115649
115850
117540
118187
115967
116431
116400
116668
2909
124166
1227
1645
125086
2652
2499
3154
197
296
992
134513
126053
116969
116402
125733
124236
125892
125026
117332
11119
3592
126119
4465
123197
124564
1533
7482
1574
124701
124998
124464
124907
124749
134386
125767
127519
129306
125639
125487
10665
10157
8706
10398
10961
7647
8847
8454
9286
7462
8846
10661
8999
8578
6858
10153
9180
3422
10962
9185
8678
7997
6611
6049
7983
3107
10585
6050
7876
7561
8704
7071
10960
8235
2169
10055
8817
1454
6667
10394
7379
9144
6274
2143
9708
10126
2519
2513
9366
6648
7642
3599
7067
9902
2364
1444
5827
2646
117061
120797
1694
1291
116253
116388
117494
117672
121729
116394
116802
164784
118394
118525
116581
116715
121105
8327
124475
2528
2134
2814
1669
2270
3954
125210
2784
126092
117012
134054
125672
126416
116800
125761
124371
126042
131495
126562
124450
2991
3211
2833
3801
158941
161430
1643
1630
2080
2498
160011
167899
158483
164395
159986
167275
1626
2882
4516
1501
159042
1267
2457
2789
160483
159330
166907
165651
159580
165005
165859
160371
169610
165331
7932
2710
8068
2512
4425
3234
14642
9061
2460
1569
6755
4129
18878
19982
14450
16285
14794
15819
16275
21210
16358
17011
22699
3194
3269
1404
1607
2510
1325
14679
13907
24400
24939
14540
14571
14583
19329
16993
17173
17077
28407
11065
9052
3574
17471
16856
16930
5180
4414
7499
19678
5005
16563
19806
23111
23195
18081
16753
16180
14903
3935
6225
7391
3311
4822
20272
2043
17097
7387
5004
11596
12045
14373
14340
22004
17051
17116
22996
31167
18279
14157
16351
14038
25851
22659
22941
1091
2139
941
1471
132021
124333
1235
2337
1666
10057
2177
1198
130351
125820
125877
130114
133527
131681
128073
134134
15899
14781
24188
17307
28202
25724
15045
24134
14476
142301
22151
28630
143848
124831
125441
134465
124665
124788
125609
125415
125434
137685
136922
641
1618
14685
17125
127738
2280
126538
129467
130342
2167
2862
126926
14431
13446
17455
12658
17227
15412
14613
14194
126708
124952
19763
136526
125604
125494
125885
127439
131008
125252
126015
124958
124211
126771
134364
134034
124526
125143
123930
124503
142189
130090
127436
132289
136308
15425
3190
8677
4698
10614
10105
4800
6722
19104
8430
10896
19207
24504
23468
16383
16207
16616
18399
23715
2416
3896
6836
8208
10077
5013
19759
17314
16675
14897
19294
16532
14426
24264
17046
16831
14607
16970
10897
9882
3081
3012
6840
4090
4211
2501
3854
8311
18069
15319
4197
10289
17300
2429
8967
1151
1375
3050
6323
8195
3715
20058
16390
20195
30763
14837
20052
22506
17044
19486
15687
21928
23484
14677
16982
17014
17556
17054
14578
14023
29949
23168
24174
16627
23209
24918
31023
1395
3472
3075
134057
129401
2823
15523
7201
3518
3028
4753
4993
2102
5609
173464
14728
13532
128375
125554
123718
126888
131357
124630
160271
161346
171559
167478
173443
171766
172396
172736
173838
175490
17087
16216
15168
14233
144626
142077
28259
24655
14769
137195
20147
19849
173912
23529
15027
183425
133149
125782
127408
145718
143205
173318
176707
173516
172420
173099
184269
184406
182977
180007
172893
174276
171867
182251
173210
172731
182082
183026
173751
46107
44811
7877
48030
47674
46864
47657
44768
46451
44952
46646
45766
47574
47975
46488
47682
47689
45429
45273
46573
47508
46617
44394
44809
46368
47967
6311
46372
45854
47672
45670
46590
46849
44086
44045
47654
46873
46351
47623
44183
47065
47497
47572
46319
48044
47698
10395
51841
2174
47301
54693
45427
55808
52272
58186
53209
51578
59010
53176
47510
45277
52609
58780
56973
51843
46091
44334
45488
10913
9365
45562
47486
52412
44081
46695
52143
53456
52896
55587
52363
52479
53327
51819
47900
51388
46241
45839
46367
47478
44296
46621
168124
165177
169621
167053
161379
169271
164571
159800
159452
47601
46595
43463
46256
52304
158145
160361
52179
167477
169574
162233
43410
47271
47699
46471
46951
47944
48007
47471
47845
45596
47868
165549
166402
167858
167859
168585
162558
166406
46338
47538
56108
59182
164991
160841
45438
160113
45356
47018
53368
58712
52524
52063
159557
168314
166398
159530
161507
159952
164489
45342
46479
85850
80501
80126
46431
84782
45418
44725
56271
45268
42739
79827
80105
84241
82339
82635
79666
84508
79859
84064
79392
79685
83755
79644
80106
83457
80005
85591
80507
80629
78903
85289
85291
80562
84856
85006
83968
84108
47664
80408
47789
85877
47020
47446
79815
79175
80406
82559
84967
80315
85730
79446
84275
81930
45976
47475
79808
51938
53075
55790
45067
78778
79130
80103
81440
79825
84029
79426
79724
44153
86920
47917
46113
48012
47855
50080
46330
205626
79782
206559
80670
79290
81500
84826
83943
80712
85725
84571
81347
85249
79296
206686
79456
207434
214437
214438
205932
206462
206617
206156
209506
205978
207989
206607
211552
209500
207005
207602
212331
207007
206520
207146
205881
206213
53245
79634
54549
53376
206405
207768
79923
80035
79874
80510
209391
79789
84434
85362
81438
84921
82910
82395
81127
210155
215068
213504
207821
206659
167043
206922
214605
213654
215069
210023
213216
213356
214183
213989
56349
54807
10288
53271
52783
51756
57330
51465
52794
52986
58699
51950
57406
51584
50897
51925
51547
58661
53076
51794
51307
58725
51992
14391
53390
57148
56890
55268
58830
53282
52502
57871
55061
57188
51788
51743
51809
52585
58316
56752
52118
57498
58395
57156
57816
55557
55779
52312
51856
56731
51414
59084
52497
52107
52151
55233
54755
53107
52131
53225
52501
51801
51565
53297
53757
54810
52129
55576
55978
79449
57996
79468
52841
52303
51035
51787
52167
51858
87465
102831
51368
87382
87920
87687
79492
88621
88129
96211
98126
96069
91049
87976
95283
101937
59581
95002
52854
96147
96171
96075
99397
95081
95769
94472
99588
95710
87887
52538
51815
53656
52658
52171
57737
58786
89412
100250
57356
58394
96964
97220
87585
87335
87637
97333
87206
87608
96033
99589
87276
87853
87643
90338
87950
89670
87899
97160
100188
98793
95520
95799
99721
100514
97026
99631
52146
56756
166714
179971
161694
52075
175828
54746
54174
59164
58291
53819
55434
52587
58124
58710
167840
52840
55903
58702
164324
168106
167260
175799
172756
174031
179180
173571
164990
175391
160156
160214
169925
174239
172841
172040
174165
16613
14879
58608
57747
52560
53193
14528
178849
52864
177488
184472
179996
173288
173392
190596
186374
190406
179325
182753
175685
58044
58049
52970
52570
52031
55931
172276
51723
52328
51990
181405
172482
172987
173261
172613
171979
172745
171593
172149
171637
179959
181343
182589
187838
172661
159032
172326
54882
53989
207235
54198
87559
58037
217795
53131
51902
95929
96330
50660
100296
225162
52073
51824
51928
95837
96011
218003
216482
206387
206293
217137
217629
224538
216494
207277
208221
217673
217625
172458
216718
174394
217076
217538
188837
218338
217966
224541
217628
216348
216671
89742
100294
87785
217218
88652
221112
87141
88539
90314
225947
99306
98365
224023
99108
222956
225944
100656
100652
100385
97382
100400
100650
100655
99718
97309
219792
221191
212496
223742
225393
219151
219083
221228
214182
218009
220111
217819
217971
217140
222235
117493
121995
116501
120828
121301
121992
121999
116372
121872
117546
116472
115923
125235
117199
117322
131862
126839
127402
117522
116680
125274
124617
116201
122664
117264
117243
116164
117262
122253
120140
116654
116576
116226
116151
121409
125313
125598
125303
125830
130239
129513
122523
121127
117190
121099
116493
118639
120232
124904
124438
124637
127449
124523
130082
129683
134333
124007
124603
124818
124947
120872
116916
116458
116287
117812
122526
122738
116173
117010
118470
118638
115789
120855
124481
125160
125568
126851
124805
125208
131925
126155
128952
130903
130611
130699
130111
132363
134405
133476
130106
127463
126440
133770
125727
125207
125723
131977
127008
125468
133693
134012
132484
128271
130873
133215
135038
140388
123888
125940
136810
130414
136563
136277
136814
125171
131816
127477
134402
132325
129093
125484
136749
143819
135468
126289
126133
133414
132131
136151
132943
130077
126390
125613
125753
127645
126078
130860
126188
126022
127309
132539
127151
127802
131078
130732
133141
128300
129994
134219
137649
133206
127079
129498
143641
128526
139071
132658
135732
133383
132657
128151
129221
134291
125515
134726
137277
128992
136606
130062
130454
142643
121716
116883
117275
122222
122384
117944
118377
125114
132097
132488
120950
132486
126074
133139
125070
127569
132095
116793
118684
116623
117081
117254
121952
122074
118137
116637
117247
116233
121344
117904
117625
118635
125811
126414
116886
125301
124926
132485
126717
126151
168351
159151
166147
168627
165995
163460
162061
161485
161693
160013
161342
159526
158890
158274
159527
160774
169991
168097
160291
161075
159512
164201
160366
131637
169236
133131
124622
137135
135966
136318
134340
129333
137199
177419
136657
125852
131775
130965
127676
134215
132047
127982
125319
125780
129262
129725
131718
144079
125998
136883
138856
173946
159141
159859
173269
172060
172206
182707
172586
172606
172948
172447
186053
161864
165938
174604
168016
158662
172372
173411
172089
171357
172029
191694
172479
191315
185962
172947
173042
172545
186287
188815
171313
189398
172960
118301
118161
117149
116865
121711
118556
119499
117667
121831
118478
116973
122373
120948
121830
121366
121273
119803
121597
120481
122660
117681
121942
120780
116219
125688
119473
133678
125295
125814
125950
127068
132839
127125
130218
126495
126680
125531
131604
125467
124709
124910
121485
117113
122213
121708
116139
121583
120850
121686
119088
120660
117029
120918
116640
117997
132863
120538
125525
126080
125507
126529
133917
134237
127282
120725
131924
127265
125706
130848
119165
120926
130472
127364
129261
131322
129921
133624
126095
129377
133037
124734
124272
128067
124099
124717
128755
124853
125485
124973
127829
128918
131307
127767
133650
134295
125094
130653
125421
125254
130652
131312
125175
135881
141159
136783
130287
126863
137716
137138
136943
132416
133586
144734
132651
133075
124916
124513
127381
125448
129121
124313
130837
132784
127350
132227
124407
132821
135915
136906
127576
130737
126140
125668
130635
127530
127280
128040
126731
126326
126862
125338
131565
143278
136846
130202
137780
119468
116280
117445
116853
116616
116520
116327
119159
117571
116448
116377
115948
117908
122485
118954
122864
122037
119491
119325
116292
117165
126396
117394
126422
125198
125813
120004
131893
120373
125954
125391
122657
132400
130730
125851
128824
159953
166361
160678
160747
159525
165940
159743
159720
162311
158699
160355
167364
161199
167178
168771
165384
158957
169812
165710
163853
166205
169446
159897
163401
162770
168789
165481
166509
160969
168223
161009
160069
159536
132409
124938
134207
130723
164054
167381
174355
174926
178939
167778
172349
160385
179638
127414
127055
144503
177534
174404
174392
187268
184904
186831
188088
125476
126861
128920
126359
134197
124970
125702
133574
126647
132597
125164
133859
176277
173149
173816
168490
173182
178477
177706
130201
130448
129482
125658
142205
138640
139372
141382
139707
125322
185557
134529
172697
174017
182996
182039
183767
182393
183779
161307
162493
159982
165970
160162
163690
168080
161944
159791
164232
165300
161065
169468
160082
162939
164890
161341
158550
159895
163088
161406
161319
164880
159620
159147
165406
162167
159287
161292
159261
160473
160159
168559
159559
160188
161201
159179
159395
158033
159657
159076
159653
158602
158439
160132
160304
158540
157934
165612
160495
160461
162268
165838
159544
159958
164563
159398
165476
167576
159747
158227
158997
158824
158877
158884
158505
160347
158779
159519
159541
159482
166358
163420
164748
159640
164426
163484
159164
169074
159251
161312
168476
163261
159303
159467
164967
163636
162230
163084
169350
169342
160258
159565
163894
162010
158917
162552
159276
159364
169338
159843
161396
160868
158486
157979
161968
159575
158319
160310
159498
163701
162236
158472
158329
159159
158921
159903
164728
170140
162922
159647
159440
159989
160033
160021
160376
162853
159577
158743
158926
158169
158703
163147
160919
158628
159955
159932
157850
158211
157785
165678
163664
160254
167294
162616
163711
169309
162537
168763
166785
160426
159537
160479
159970
158420
159458
169425
167710
162587
161681
167731
166925
166922
165551
167517
167515
160272
165655
167910
160073
166290
166294
175273
163774
179980
178963
174985
172804
173234
168837
173248
172798
174087
168901
161060
159635
173335
173409
173107
164043
172454
172843
177174
177245
178808
172267
172106
178603
178537
173460
173217
172916
174524
189589
175437
180468
179159
177259
182431
182073
172989
173328
173343
173100
172601
172427
190805
173233
173877
182766
176143
188953
188101
182063
159564
177100
172538
174998
165308
179461
158867
173106
179676
160823
160866
171172
173398
191938
174124
172433
173109
172676
179294
179911
183543
182799
183619
179684
182290
177540
182708
176782
182724
181826
174648
177437
158183
161197
159378
172650
171457
167592
178473
172761
173290
167154
172330
171739
173061
181919
182989
172158
174292
173337
174114
177893
174139
191889
179084
173041
176621
179218
180106
174577
177875
179252
180103
172605
188458
172877
173190
173164
178114
182578
159977
160848
159833
159342
160054
157661
159328
172988
177520
172766
176676
172487
171994
158737
172807
177360
173427
176620
171941
169655
166594
171961
171407
172132
179407
174074
183503
177884
182057
182657
183108
183004
182322
172197
171467
172755
187985
171680
179043
179385
172078
178895
182371
182488
182178
182005
208198
208846
160412
158565
206248
207187
213641
207273
207072
206038
207364
207004
206535
206593
215663
207059
159697
160359
208118
205696
160269
206850
206067
163260
214994
208685
207132
213930
206456
209926
214297
206697
205842
205456
161542
207427
207438
206798
208075
163813
206977
164478
208153
211092
207477
206723
207826
206586
207300
206826
206846
210534
213775
207436
206432
160744
159079
206830
207321
206374
207566
206591
159514
206110
159027
206904
214720
213453
211405
207864
213587
209479
206643
214096
207316
206547
171723
217984
218489
214899
209536
173014
217645
217875
216647
220355
208678
217479
217228
222565
221582
224007
224693
223243
224891
220090
220266
225893
213939
211236
219139
217509
218455
206579
223720
220490
207579
215814
218762
214963
207582
207313
208115
223715
216609
217005
218212
219203
219193
225054
219804
172936
217506
189091
217131
216564
217866
219282
216396
217550
225334
220940
223211
225050
176781
179403
217904
219497
217462
216743
217950
217877
219387
216907
225792
214748
214306
160309
206692
206191
206366
159201
206312
208416
159694
163924
207916
211515
215457
158680
214467
213732
209189
211226
208000
207056
212360
211776
206395
206905
213700
208465
213583
209086
214695
207664
214953
211175
214668
208527
209789
212806
208278
207971
206958
162618
159389
212536
209248
206088
207266
158448
211120
208718
160629
161819
206009
212683
213557
206355
206513
169296
214679
207902
206724
209493
212692
209140
210360
207389
208080
212163
210359
207057
212248
213545
207415
206600
214062
208984
211386
208660
207462
217776
216801
218188
207633
211770
170305
207740
206823
218642
170369
172799
216307
180046
181991
183230
216930
223004
206138
223805
217899
216412
218967
223799
218155
219012
216878
216635
217495
223636
183885
182889
218037
223553
219608
225058
212809
207454
207613
213868
218424
225261
218086
221131
223682
216624
218097
217543
216026
217638
221804
220878
207834
206883
210818
218240
223188
218270
222705
219150
225230
223301
220551
217098
216868
222243
218683
216698
219978
220299
217238
219114
218453
22937
22724
23279
31240
21971
20546
22772
22912
31241
30980
29313
23885
28115
31174
27624
24321
29455
24216
23057
23737
28536
23508
29486
22436
28636
23139
24332
25176
23291
23986
23741
24294
26963
29291
31236
33670
22611
22306
29338
27737
23535
41332
32949
33122
33367
33117
33221
23035
33887
41556
27859
29158
42648
33933
22851
32882
21906
22957
32002
34191
34799
22564
24695
23243
22031
32552
33826
34077
24019
22744
32978
33751
37672
39722
33102
33848
23406
29311
137401
23088
24268
24120
26337
141186
137905
138304
137620
137969
138184
137619
136351
136939
136908
137288
23077
141702
23299
21619
22329
23861
136483
23007
138136
137446
138356
144238
138403
139632
137708
144196
144410
142934
142963
145166
138577
34133
28530
35867
22890
136863
34394
33266
137977
143360
138078
143506
143233
156836
155252
145442
150983
149063
155111
23517
21720
30235
150319
154944
38778
142720
137774
142829
139177
138228
154196
149850
152567
152875
22468
22866
25532
22880
22499
23734
27919
26908
23017
22342
22075
23188
22647
28585
21879
27260
29970
23962
24185
27587
29107
23431
27911
24172
23820
22771
23032
22943
26091
23232
22461
28477
23210
25579
23899
22791
23414
38602
22258
22998
22773
34570
42547
23027
33962
22614
33240
32186
22054
24423
33107
23149
33025
29230
34025
33285
33538
35508
36067
35980
33078
34954
34241
33243
33369
33959
22317
29941
29561
24436
27755
25526
22966
29940
30164
32167
35103
33044
38441
34231
33471
41004
41690
32684
33782
22811
29074
29363
21138
32517
35805
34340
31812
33597
34720
32386
137409
26553
24703
24370
30135
137460
136477
137770
137030
144612
191729
185136
184753
187791
183808
182411
41387
34664
137372
41174
156261
144614
140587
147854
153714
144184
153096
149480
155417
140544
202808
41159
39786
29515
27738
35350
181619
191717
181864
182163
183082
33868
33665
34103
35723
33820
34976
34315
41565
42387
32879
40024
33339
33790
35884
32592
32994
37010
40647
40041
39729
38697
34591
39497
33306
32837
33098
32093
33501
34018
33176
39609
33852
34403
35447
33706
33406
34338
40321
40490
38960
34086
39275
35042
38875
40816
41480
40690
39999
42684
33534
42339
33498
38470
41801
37675
37166
36951
33938
34033
40831
35951
34943
32539
33459
34468
41785
33457
42584
40620
41041
34129
41468
42332
42333
40183
41120
36187
41722
36150
34592
35319
38534
39998
35632
34483
34393
41994
157171
148856
156299
153729
151611
149566
154488
156064
155449
34195
34220
149231
40290
38204
147961
41337
34286
147404
33675
149395
33968
148014
149268
153932
154479
152573
148624
156290
153940
152758
33476
33649
33492
36132
33672
35768
35433
35972
42606
148111
148152
148568
157168
147869
148707
152874
146557
148951
148460
39373
32765
36220
32999
34742
33311
150490
32227
157465
148444
155648
148566
149426
149229
148605
153930
148236
146685
148633
156819
154957
156023
150461
32069
32829
37858
37516
34786
36098
41665
38124
36465
39954
34615
35323
33667
33433
37564
40252
38516
33574
39365
40780
33809
40781
37442
32779
33192
39114
34058
33987
33256
33630
42495
33853
33134
32302
34967
34256
41920
32658
33645
40755
35835
40412
42188
40598
34124
33423
39661
34386
41392
33530
38652
41924
41609
38816
35050
40722
37654
33817
39807
42395
34184
41358
37744
33847
34551
34147
33291
34655
35265
39451
40974
35453
36811
40893
34494
33953
41592
34012
35563
41637
33618
151240
149439
41636
157424
155800
155612
33591
34607
32634
40075
148048
33551
40219
36236
33363
146730
147343
149366
150160
147656
148079
149137
155089
149076
149046
152298
147179
147241
146028
156007
153703
150112
147017
35059
38656
38728
34584
32755
33075
32821
193722
195619
38813
38162
194762
38990
32862
32896
33051
32576
32248
195605
196162
200899
194020
204254
204261
194892
193726
195783
201963
193178
192889
192983
193109
195620
195562
202549
193507
193313
196448
193632
203536
204555
61663
64528
60879
63403
64936
61433
51884
57133
61002
51697
61588
62893
61418
64932
61359
61580
60768
60672
60853
23050
23661
64926
63809
61066
63066
61656
61350
65052
65343
56892
53605
61637
61489
61309
61368
61432
61298
60868
62857
62623
64617
70730
70454
72750
73317
71607
60843
61446
65339
64512
60930
34482
61531
70580
61379
62773
61692
61509
60557
63086
71031
71328
61469
70495
61325
61351
74539
72574
61327
61728
77326
61412
60846
60811
60717
61557
64154
61099
71214
70941
61572
65208
71484
64165
52860
60326
103414
53526
62539
61672
60944
60858
64402
61660
98340
95809
60958
95594
96667
96813
98510
96622
95721
95583
95145
96454
100091
63441
104509
72646
61155
99327
113235
108844
106713
106513
106045
103955
106707
101052
106952
106870
51683
61702
61365
52996
57601
61719
61118
64585
62065
62530
63038
112325
65067
63284
112759
97664
98864
99054
100092
100070
100176
100182
107270
106506
95778
108136
107444
108083
111125
106956
107499
108023
56291
62314
64753
61766
64220
62071
189144
60886
60977
61999
24471
61947
61255
27304
191721
183469
185488
186926
188866
184999
187282
183660
189624
191075
64741
61487
64979
61437
61263
52519
63057
61386
60946
189597
188963
189262
183565
183661
184210
189755
186879
184154
28235
61048
61314
183749
183094
76825
74385
63144
182815
183499
60872
62439
74555
71937
182533
189097
75133
192019
189447
184389
190172
201734
188298
188488
185332
189974
183510
191944
182213
183334
191642
185966
182847
183768
182797
193858
184544
183797
185786
56429
99715
97255
51870
60637
215925
95548
236912
64632
100911
63693
96537
236913
97702
95985
98855
99711
234764
100178
99990
96866
111992
97556
108493
109621
107912
108355
110043
96600
230256
106438
106754
229043
107008
95478
231628
184975
186968
217502
217147
217092
218730
217436
224177
217515
217354
223142
235468
236564
217551
224161
231541
229286
229479
228338
233470
231540
237691
230772
232886
230859
229399
229487
231091
235451
230518
232011
232284
229409
237929
34174
70710
70759
71467
77557
74259
34719
75194
71708
74740
72887
77556
76391
72018
77519
75855
72698
70298
70678
70184
70962
70842
70333
42196
70478
69633
77461
70984
71595
75134
73666
76061
70864
70797
72331
77107
33274
77534
70757
70657
73787
76066
72425
73000
73942
70315
77330
70532
70550
76392
72443
71414
71320
70894
71112
71181
70841
76874
70466
72394
71067
70694
71250
71232
71403
77066
71896
70621
70584
71821
70699
74413
71566
71988
70862
70926
74437
70497
70562
75389
76640
33818
32916
74931
74384
202136
202519
203505
194493
195274
74182
70623
33328
77637
70689
71636
70925
193777
194196
74324
77428
70982
70153
71377
202303
201286
200608
195395
202323
194657
194940
195036
201936
194078
193984
198665
194502
195038
194566
194409
194188
194683
76212
75239
74765
73927
74777
74919
71447
71925
77381
194061
193910
204148
197685
195998
196896
194891
202295
200098
194172
70204
74360
70845
70896
203217
70705
70901
72476
194684
194433
193948
194561
194980
198332
200985
195102
194113
195275
193936
194867
75636
70686
76260
106485
74955
74339
72040
72532
73081
113017
105818
105843
106529
106587
73695
70737
106854
76315
74871
73742
73124
76683
70990
112451
109488
74942
77287
70549
113194
107416
70570
68095
75575
105915
70631
107221
70836
106320
68454
106685
106628
106394
106362
108607
105809
106339
111107
113033
108070
107651
106801
107377
107665
107447
106656
109719
107117
106851
107862
111011
112800
110350
108149
107293
109229
110073
109439
107654
107642
111301
107775
108809
108097
112002
106941
108265
107765
107021
111112
110573
109397
235679
71485
76172
242102
106929
230012
230091
106961
236547
237911
106717
106772
106614
244123
112524
235882
72702
70831
111445
70785
77373
106547
74356
71809
242021
107414
107475
107235
107465
242684
106751
111435
111040
112694
109751
107353
241571
106874
111839
110036
193528
229203
242480
231184
230016
235076
230086
243271
248291
194701
196119
242360
241360
241275
244349
241493
241514
241499
241658
243212
241936
247714
246856
242165
246864
247892
247750
247104
247711
241578
246737
242645
136993
143090
138373
142297
138284
137879
136954
138541
136552
137538
141559
139202
138305
138239
136800
136294
137524
136671
137793
136740
138296
139610
156818
143835
156286
155822
140815
136838
141424
143155
151280
156453
153072
145429
143805
145441
145724
136404
138625
136214
145367
137474
141899
144637
144636
144635
153356
143177
138754
141556
155242
157077
143804
141165
142940
141053
136674
136379
136353
139169
137844
143040
141035
137447
145305
136186
136325
142661
140650
141192
147958
150129
143592
137631
136847
136701
138334
143747
136516
145616
136357
136532
137467
144550
145247
138423
141253
144092
138137
137680
137059
137827
143543
141716
137276
140615
145219
136652
140330
148348
151666
150755
145575
137375
136431
138738
149538
148738
154905
150905
143574
141593
138255
142630
136254
156954
156448
152604
143287
139118
137548
141589
137319
138229
144747
144085
137086
137027
143018
142765
141875
138156
137490
138244
143378
136468
138040
145541
144484
136026
142980
137996
142413
151257
144995
148468
143559
141575
150743
139666
139462
137145
145637
137371
136588
136348
138451
144357
145635
137389
145630
145634
136985
136572
137255
137787
136892
141032
156732
149033
147721
148653
156481
182550
143939
144726
145512
138855
144278
137978
139798
149144
137755
138849
148199
183569
153390
182952
182735
181508
183675
183009
183437
183945
188024
190169
182710
183195
183463
184684
186140
188304
188115
184021
195009
184126
182990
184209
188027
184100
188947
188403
185713
183485
182097
191389
189961
182836
188946
182380
182887
183200
182504
191674
190542
183894
135933
143683
136279
144475
141937
144716
138580
141137
191600
183966
186039
183436
189229
182645
188286
138187
139601
149757
143678
144491
140786
150572
153047
182946
189716
183288
188802
189226
187669
191853
183027
187665
137865
139194
136924
145485
137825
137183
140782
136223
139274
141501
138238
137622
135809
141497
188564
182960
183434
190301
182571
183283
182992
184657
190089
188457
141015
138243
139151
148067
157224
155868
157225
149166
154377
184548
153197
183433
190290
182237
186200
183152
182019
183663
182475
183199
191851
189059
191448
188450
195238
203162
184121
149148
149288
147513
155647
156814
148801
151436
151461
149345
149589
149139
156279
155101
148489
153927
151715
153996
156816
148217
148278
147529
153487
157137
148039
153488
148590
149007
153020
156268
156809
153145
150968
148390
154717
156267
155646
148498
157385
155985
156224
155074
150438
155572
154720
148006
154125
149434
154309
153834
148380
148073
148847
154536
152305
154202
148946
154343
148288
148102
149010
147682
147523
148166
147062
157050
147521
152227
152725
155037
156677
156382
148103
149862
154419
146989
147162
147616
154721
148164
156196
151388
148542
147951
152491
156191
146908
147905
146761
155334
148313
147452
154143
156427
147533
152278
157290
149074
152729
152591
149058
156607
155498
149523
155298
149690
156891
153128
150556
146951
148142
149586
147914
148298
149817
148615
147647
156901
157014
151880
149399
150131
149285
155959
154150
157348
153141
147492
149106
148482
147812
155925
148344
156163
157292
148522
155538
153477
149358
147442
149682
150587
146534
146457
149691
148060
156084
152162
148389
147770
149789
148243
151052
151491
148706
155073
148135
148639
147166
156724
152396
148849
154308
194655
148180
148155
147147
147938
155760
154909
149410
147293
154908
149060
148814
198964
147330
157028
198266
194419
194117
195103
194412
194782
194959
199590
195203
201739
201432
199581
199431
194456
196769
147155
149022
155383
149091
151116
148000
149179
150964
154675
148123
155521
157273
156945
148469
147461
156613
155499
150510
147278
153997
154907
204420
156610
196146
194253
195910
199252
195419
196879
200003
197155
195363
203439
197256
196264
202472
194607
201681
201736
204501
203241
194101
153209
157269
147096
156609
154541
154537
194896
157272
147801
156128
147251
147001
147185
148130
148620
147945
157250
151816
151443
153857
154219
148686
157189
199000
194263
198650
199725
200706
197644
195766
197147
198823
202688
199560
196071
203437
203178
193556
202471
193416
196854
194085
194578
148901
147984
146197
146926
150114
147310
203587
157197
146616
147884
147515
146966
147956
154974
156870
148415
147787
154493
194923
195331
198446
194837
195662
193468
195792
194903
197188
203703
194185
200571
199239
199794
194579
196442
194617
201787
193904
194526
200370
193269
193042
188853
181642
182418
189927
183000
183228
182221
184324
183081
188295
188102
188819
185442
182497
185329
190132
182694
183658
183574
189346
182323
181694
181751
183052
182283
182332
183126
184369
186709
182025
182012
182986
183495
188398
189426
191916
195151
183069
188464
183489
187752
191045
189238
184396
190339
182537
191613
184801
182261
182729
185550
182923
182454
182679
183392
182998
185057
194097
182459
191336
217246
184988
182287
228402
217037
218213
218749
217677
230702
230129
220691
230089
229762
181940
183976
229605
231336
230590
229007
232353
234990
229549
228469
230306
228721
237887
230704
231043
220591
224493
229622
228614
224675
221884
218510
230984
224677
231332
181658
182414
228540
229047
229714
221252
231173
218926
217201
237199
217368
218757
218384
233791
222714
222268
230187
229823
229719
190949
182306
227623
230239
229533
236510
229268
229103
236067
232048
229647
231214
231172
230233
230540
230015
229980
230670
229364
228818
237787
204191
195434
204524
194441
194251
199997
198511
193705
204465
203768
204105
204462
204517
197405
194356
197135
196255
203244
201916
202097
201259
194219
195335
198379
195955
195106
195005
200597
193602
194126
203201
197645
202057
194432
200382
197102
201256
203516
198696
195480
199660
201554
195840
202873
196660
201841
198989
201663
193792
193743
194121
199467
198764
197399
202481
195692
201242
200362
198437
196758
202055
203982
197840
196070
194054
233107
235938
230020
237431
241692
200385
246020
242306
241581
229053
229807
227592
228527
232714
229155
241505
196129
195406
240348
237863
229861
229682
230506
234280
237626
246597
241575
241619
231683
237166
242185
244457
234451
245520
195390
241261
242447
240689
242367
194637
247688
241420
239897
242709
241609
242144
241685
241763
242845
241822
241107
243721
245995
241438
241435
241169
204444
240613
240432
244889
241184
246486
247136
240762
241715
242170
247342
246389
245118
242092
242166
241389
245755
187186
182293
182609
183784
188807
182582
181889
184046
183279
182482
181928
182980
185922
183281
183736
188463
182158
191865
191268
191575
183756
186299
196031
189342
182520
182669
182210
184445
182660
189335
186786
188926
187646
183121
183639
183724
182597
184064
188276
187382
182786
189542
191756
183870
182174
185386
182530
183003
189478
182529
182546
185518
181591
190443
186029
190212
189314
183215
191164
182168
181450
217067
217377
228463
183927
216729
229721
217296
217851
230096
217350
218074
217122
229782
229701
230356
230613
229539
229736
229332
189833
229742
234678
229585
230352
234022
235600
230938
230395
230820
232613
234514
236165
230964
233371
237319
218067
217191
230067
229544
192295
192106
217603
182226
229233
229693
220258
217788
227076
217451
229298
235597
236963
228869
229407
228691
228858
228951
183077
182301
228929
236439
237120
236004
218012
229711
217465
231146
230550
217096
224951
218494
220948
229776
235281
233556
230636
218282
232797
230112
230445
231051
237966
238278
228807
229516
234848
229657
229107
237534
228882
194249
193545
194461
194525
195273
194720
194201
202457
193885
194711
194295
200548
193990
195408
194489
194416
195081
194378
193672
193922
194388
197072
194956
195189
194626
194850
194979
195688
195611
194306
196230
195832
194781
201202
195708
195262
194361
199681
193371
195816
196691
194786
195368
193686
193217
192776
194090
195522
197762
201653
196830
195259
197965
203322
194038
194057
199955
195050
193262
193955
195664
194653
194210
198547
196502
194601
195067
203927
200250
199375
202150
195006
194044
203923
193920
197575
194586
194646
229426
228751
229442
195166
228761
228248
230323
241758
241339
241526
194734
240947
246131
242112
246685
241694
245210
244498
237367
247484
238304
235797
229193
245369
229308
232859
195299
237970
201046
230977
234703
229208
236419
232817
242135
246476
195573
242462
230582
243015
230331
237318
231037
228841
229887
236916
229038
228937
229316
228674
241258
242653
240839
241714
244212
246484
241324
241231
241855
244021
247170
244948
242090
242929
247449
246773
241919
246460
241927
241811
243223
195765
247459
198584
245168
241844
241644
246217
245886
243717
241853
244350
246772
241454
245304
244842
248139
244803
242128
246212
247138
