#ID DescID Mvir Vmax Vrms Rvir Rs Np X Y Z VX VY VZ JX JY JZ Spin rs_klypin Mvir_all M200b M200c M500c M2500c Xoff Voff spin_bullock b_to_a c_to_a A[x] A[y] A[z] b_to_a(500c) PID mass_bin neighbours[500] neighbours[Rvir] neighbours_bin massive_neighbour_d[500] massive_neighbour_mass[500] massive_neighbour_d[Rvir] massive_neighbour_mass[Rvir]
184999.0 184999.0 -1.0 7878000000.0 38.82 32.0 40.303 2.615 135.0 19.83838 29.40285 28.9183 -147.1 87.12 -25.21 222000000.0 -122300000.0 16730000.0 0.02011 2.61523 7877900000.0 9108800000.0 6647000000.0 4185100000.0 2708000000.0 4.78325 0.0 0.01951 0.48891 0.42142 1.08295 4.12519 1.15152 0.4938 -1.0 0 1 0 0 0.29457900858683284 1148900000.0 0.0 0.0
233107.0 233107.0 -1.0 5662000000.0 40.19 33.28 36.101 1.403 83.0 31.17134 39.4245 38.69143 241.42 117.59 183.8 -50530000.0 132200000.0 -213800.0 0.02202 1.4033 5662200000.0 5908400000.0 5087800000.0 4103100000.0 3282400000.0 1.42369 0.0 0.01885 0.80641 0.63961 -1.97182 0.53103 3.01191 0.7424 -1.0 0 0 0 0 0.0 0.0 0.0 0.0
117322.0 117322.0 -1.0 37260000000.0 67.0 60.97 67.649 3.183 489.0 25.8253 5.46329 6.52503 -293.11 -234.62 -137.25 -3470000000.0 -877900000.0 1219000000.0 0.02519 3.95628 37256000000.0 38323000000.0 33481000000.0 28393000000.0 17397000000.0 2.12119 5.57 0.02179 0.94163 0.85269 -1.26942 -0.63057 5.3948 0.9761 -1.0 1 1 0 0 0.39317344226180834 5580200000.0 0.0 0.0
2848.0 2848.0 -1.0 39390000000.0 62.86 60.09 68.916 3.936 577.0 9.12347 8.89296 12.43929 283.41 -222.68 241.58 -2249000000.0 -4233000000.0 -2963000000.0 0.03134 5.54406 39389000000.0 43657000000.0 35204000000.0 26670000000.0 15345000000.0 4.61169 8.92 0.0296 0.92383 0.78466 5.43548 2.49164 -1.00434 0.9087 -1.0 1 3 0 0 0.33858880799577434 1969500000.0 0.0 0.0
172676.0 172676.0 -1.0 150800000000.0 92.7 90.77 107.798 12.072 2163.0 30.23518 36.7999 21.45137 44.01 37.23 -17.8 -12780000000.0 -19500000000.0 -47280000000.0 0.03043 11.19041 150750000000.0 170850000000.0 129820000000.0 96012000000.0 49401000000.0 1.35463 5.48 0.02957 0.79094 0.76212 5.09927 -3.43003 5.96875 0.7604 -1.0 2 6 1 0 0.4208530785202827 5334000000.0 0.06273622557980131 1477100000.0
70678.0 70678.0 -1.0 259000000000.0 127.41 116.2 129.108 5.427 3283.0 10.82039 26.39407 38.36138 83.62 367.27 27.83 46510000000.0 71270000000.0 -25860000000.0 0.02499 7.65032 260220000000.0 267110000000.0 239950000000.0 204000000000.0 125390000000.0 2.64326 8.42 0.02025 0.83695 0.79308 -4.58882 6.00744 4.26215 0.8415 -1.0 2 6 1 0 0.1634491147115819 4103100000.0 0.10794570672333319 3364500000.0
32978.0 32978.0 -1.0 509400000000.0 145.39 141.6 161.768 14.207 6720.0 9.62568 9.02892 34.73824 -89.71 -61.7 -105.81 272600000000.0 -303400000000.0 -542300000000.0 0.05306 13.83837 509440000000.0 551940000000.0 443540000000.0 346050000000.0 195470000000.0 5.02539 6.17 0.05003 0.77349 0.59446 -2.35496 10.61155 -3.1572 0.6911 -1.0 3 7 2 0 0.49979756481999826 3610700000.0 0.08309461173866776 1805300000.0
182073.0 182073.0 -1.0 523600000000.0 140.12 135.12 163.257 18.113 6599.0 31.203 26.77412 23.41055 25.32 79.5 -54.86 -150900000000.0 369500000000.0 213000000000.0 0.03332 17.09712 523630000000.0 567860000000.0 448380000000.0 334890000000.0 173560000000.0 3.90729 6.94 0.03186 0.96613 0.60722 10.31016 4.86558 2.95829 0.923 -1.0 3 11 7 0 0.08008428247790134 6400800000.0 0.08008428247790134 6400800000.0
172029.0 172029.0 -1.0 1094000000000.0 178.14 186.23 208.677 20.966 10942.0 34.15141 21.59876 20.78378 9.2 106.08 42.07 617300000000.0 -1286000000000.0 -1564000000000.0 0.04276 22.40281 1100200000000.0 1132000000000.0 988340000000.0 750450000000.0 367060000000.0 13.47295 41.77 0.04369 0.63629 0.47121 13.29887 6.29337 3.13422 0.7445 -1.0 3 19 11 1 0.10511623376053282 145820000000.0 0.10511623376053282 145820000000.0
136214.0 136214.0 -1.0 761400000000.0 149.58 152.93 184.952 31.403 9466.0 30.22618 8.4952 25.78168 9.88 0.29 -278.48 -1675000000000.0 73890000000.0 -396700000000.0 0.0578 26.02386 762020000000.0 863120000000.0 581080000000.0 406610000000.0 209990000000.0 16.19773 13.96 0.06503 0.40834 0.36549 -2.79643 -4.54355 18.9487 0.3373 -1.0 3 19 12 1 0.4003944950920279 54160000000.0 0.03760708576850872 38158000000.0
158699.0 158699.0 -1.0 568900000000.0 124.21 128.11 167.835 45.253 6813.0 42.90718 24.51457 6.15137 23.55 141.85 -6.29 201300000000.0 64740000000.0 519800000000.0 0.03178 44.03898 570650000000.0 632200000000.0 413420000000.0 268090000000.0 123090000000.0 12.53495 16.02 0.03441 0.5883 0.36538 8.45669 10.48684 10.12226 0.851 -1.0 3 22 12 1 0.13062931868458638 37830000000.0 0.13062931868458638 37830000000.0
1227.0 1227.0 -1.0 1060000000000.0 176.06 181.26 206.493 22.295 13350.0 16.81753 5.79321 7.1766 192.46 -246.46 133.34 623000000000.0 473200000000.0 634400000000.0 0.02205 22.29522 1061000000000.0 1153400000000.0 941320000000.0 696950000000.0 358440000000.0 8.23321 10.31 0.02191 0.69944 0.57428 -0.46713 -6.60128 11.95428 0.6269 -1.0 3 28 11 1 0.1210818314199111 24044000000.0 0.1210818314199111 24044000000.0
171766.0 171766.0 -1.0 1667000000000.0 219.72 208.97 240.167 21.889 20794.0 20.02799 23.20582 18.44313 -155.92 -63.85 -73.15 789800000000.0 -2046000000000.0 1195000000000.0 0.0277 19.08767 1667400000000.0 1830200000000.0 1414100000000.0 1100900000000.0 629160000000.0 2.5911 2.53 0.02553 0.70019 0.57238 4.08985 8.99253 10.27512 0.7117 -1.0 4 30 10 0 0.2596265596968076 11899000000.0 0.2147206967201823 11407000000.0
171739.0 171739.0 -1.0 1781000000000.0 204.4 206.87 245.506 29.265 19310.0 37.83602 27.06255 21.13517 91.25 133.71 -99.21 3384000000000.0 -2821000000000.0 -3156000000000.0 0.04937 29.71971 1789100000000.0 1916400000000.0 1574200000000.0 1079900000000.0 554160000000.0 11.89839 34.19 0.04962 0.51994 0.43235 3.22522 -6.63452 17.79208 0.731 -1.0 4 26 10 0 0.1308433422073901 189890000000.0 0.1308433422073901 189890000000.0
158145.0 158145.0 -1.0 2107000000000.0 218.36 230.85 259.657 30.604 24135.0 17.62967 29.36271 6.24698 -189.63 317.38 -129.92 2886000000000.0 1722000000000.0 559200000000.0 0.02236 29.92945 2150200000000.0 2253900000000.0 1806400000000.0 1402300000000.0 648370000000.0 7.29946 19.47 0.02357 0.76395 0.64436 -8.02187 2.43133 14.13208 0.7405 -1.0 4 48 18 1 0.06306724110027323 62202000000.0 0.06306724110027323 62202000000.0
60717.0 60717.0 -1.0 1578000000000.0 191.39 192.04 235.797 34.055 19666.0 7.20462 32.75721 35.18716 -36.5 116.5 -77.25 636100000000.0 463200000000.0 2324000000000.0 0.02767 32.53377 1595300000000.0 1727600000000.0 1301200000000.0 948710000000.0 457570000000.0 5.64656 19.23 0.02749 0.80725 0.64761 -4.69933 13.63283 -6.4497 0.8747 -1.0 4 50 19 1 0.3772588779604834 177830000000.0 0.13197034136502162 22321000000.0
228540.0 228540.0 -1.0 2877000000000.0 235.65 237.66 288.066 38.554 33301.0 35.64206 38.71817 29.77349 167.75 61.1 75.04 -14250000000000.0 1681000000000.0 12440000000000.0 0.07847 38.1349 2880800000000.0 3096100000000.0 2487800000000.0 1794600000000.0 847280000000.0 8.14604 8.37 0.0782 0.60127 0.55119 6.57821 -12.61118 13.4527 0.527 -1.0 4 39 27 2 0.19387939292250872 87805000000.0 0.19387939292250872 87805000000.0
50660.0 50660.0 -1.0 3976000000000.0 290.9 286.94 320.878 26.024 47802.0 15.89451 40.37899 19.91348 -161.23 131.34 -248.22 -2055000000000.0 -7201000000000.0 -7575000000000.0 0.02761 26.47742 3979700000000.0 4244100000000.0 3430100000000.0 2795000000000.0 1567200000000.0 11.69415 15.41 0.02557 0.93126 0.67061 14.85655 -5.74886 2.91246 0.8817 -1.0 4 50 31 2 0.26444268603990523 57607000000.0 0.26444268603990523 57607000000.0
157661.0 157661.0 -1.0 3277000000000.0 283.9 338.05 300.869 19.175 49065.0 39.4172 36.42007 12.62284 140.95 354.23 596.89 14920000000000.0 11120000000000.0 -12620000000000.0 0.04749 21.13524 3990400000000.0 3437800000000.0 3010400000000.0 2375800000000.0 1452700000000.0 38.67081 57.02 0.07448 0.62759 0.49645 1.66599 13.63954 14.26942 0.6917 157659.0 4 128 74 3 0.12971018387158578 13488000000000.0 0.12971018387158578 13488000000000.0
228338.0 228338.0 -1.0 4934000000000.0 276.17 282.75 344.815 49.681 54312.0 24.51139 40.2244 33.35339 -21.24 42.13 18.8 -2330000000000.0 -4813000000000.0 -12300000000000.0 0.02205 51.19086 4936600000000.0 5453500000000.0 3989200000000.0 2996300000000.0 1368200000000.0 13.42578 11.52 0.02248 0.93379 0.67895 -2.4391 19.1547 -2.22133 0.8675 -1.0 4 92 68 3 0.3261861129784652 100360000000.0 0.3261861129784652 100360000000.0
