# [1] k:    [h/Mpc] 
# [2] P:    [Mpc^3/h^3] 
# [3] T:    [Mpc^3/h^3] 
# [4] Delta_k 
3.059023205018257859e-07 1.617086495359507436e+00 3.572537080531053653e+04 2.345048469628199287e-21
3.215862678579245412e-07 1.696692406816495247e+00 3.572536441710500367e+04 2.858682097067190905e-21
3.380743483904743061e-07 1.780217156973147086e+00 3.572535802889947081e+04 3.484816385644920385e-21
3.554077908890640533e-07 1.867853217034316060e+00 3.572534738189024938e+04 4.248091230140161744e-21
3.736299379885273404e-07 1.959803869170634538e+00 3.572534099368471652e+04 5.178546415389172359e-21
3.927863545481053003e-07 2.056280821600212416e+00 3.572533247607733938e+04 6.312797519315081853e-21
4.129249415873286729e-07 2.157506870836327639e+00 3.572532182906812523e+04 7.695481429067765366e-21
4.340960560635169786e-07 2.263715779433830733e+00 3.572530905265705951e+04 9.381011696362984753e-21
4.563526367904018199e-07 2.375153381991105928e+00 3.572529840564783808e+04 1.143572260544065039e-20
4.797503368127355169e-07 2.492076508336764640e+00 3.572528562923677237e+04 1.394047253661534102e-20
5.043476625678916271e-07 2.614755169137750190e+00 3.572527072342386964e+04 1.699383222926062684e-20
5.302061201824328858e-07 2.743473646062388305e+00 3.572526007641464821e+04 2.071596941430516800e-20
5.573903692694645323e-07 2.878527269578381897e+00 3.572524091179804964e+04 2.525334947105472388e-20
5.859683846113473662e-07 3.020229929718150075e+00 3.572522600598514691e+04 3.078455073960797635e-20
6.160116261320592563e-07 3.168907122242464069e+00 3.572520471196670405e+04 3.752722886932160528e-20
6.475952175842278093e-07 3.324903659713704940e+00 3.572518554735011276e+04 4.574674765937987307e-20
6.807981343976415384e-07 3.488579059610148914e+00 3.572516425333166990e+04 5.576656563740371226e-20
7.157034011589609116e-07 3.660311290155985997e+00 3.572514082991139003e+04 6.798099605705732457e-20
7.523982992164306405e-07 3.840496922882790543e+00 3.572511527708926587e+04 8.287071691008660324e-20
7.909745849287134463e-07 4.029552528585215398e+00 3.572508972426713444e+04 1.010216989968889009e-19
8.315287191035797356e-07 4.227913740160047951e+00 3.572505991264132172e+04 1.231482194862884330e-19
8.741621082001717898e-07 4.436040130591325514e+00 3.572503223041735328e+04 1.501210722161398380e-19
9.189813578979717484e-07 4.654410794029925746e+00 3.572500028938970354e+04 1.830016791485943668e-19
9.660985396665287929e-07 4.883530495503211277e+00 3.572496621896020224e+04 2.230840086900618344e-19
1.015631471002508262e-06 5.123928925881817698e+00 3.572493214853064273e+04 2.719454551710834225e-19
1.067704010034801725e-06 5.376161936832597021e+00 3.572490020750298572e+04 3.315089227529376497e-19
1.122446365234364056e-06 5.640810147435499466e+00 3.572486400767164741e+04 4.041183170107415127e-19
1.179995421003214005e-06 5.918483876367766072e+00 3.572482141963478352e+04 4.926309505677992491e-19
1.240495079956737545e-06 6.209827073588784607e+00 3.572478096099975664e+04 6.005302708935719174e-19
1.304096622755184042e-06 6.515511149860720330e+00 3.572473837296289275e+04 7.320623335802355309e-19
1.370959086384113674e-06 6.836241972603180450e+00 3.572469365552412637e+04 8.924033014365647540e-19
1.441249661829700436e-06 7.172761860764803821e+00 3.572465106748726248e+04 1.087863301825672821e-18
1.515144112143284134e-06 7.525844538188440680e+00 3.572460209124488028e+04 1.326133753995984647e-18
1.592827211940548929e-06 7.896308822765137236e+00 3.572455524440427689e+04 1.616591845850299613e-18
1.674493209434307728e-06 8.285008449852924173e+00 3.572450626816189470e+04 1.970667646939813412e-18
1.760346312156213177e-06 8.692842004353046548e+00 3.572445729191945429e+04 2.402295288479576394e-18
1.850601197581954108e-06 9.120750275798886975e+00 3.572440618627523509e+04 2.928460298220209836e-18
1.945483549936765273e-06 9.569720203968319794e+00 3.572435082182727638e+04 3.569868248350914267e-18
2.045230624523543909e-06 1.004079072582412202e+01 3.572429545737932494e+04 4.351760998183162428e-18
2.150091840984688092e-06 1.053505100141667228e+01 3.572424222233321780e+04 5.304908956123430515e-18
2.260329406981118614e-06 1.105363740158183106e+01 3.572418259908159234e+04 6.466818600481056460e-18
2.376218973848010330e-06 1.159775667455533998e+01 3.572413149343733676e+04 7.883219693141938670e-18
2.498050325866710336e-06 1.216865606219170282e+01 3.572407399958757014e+04 9.609845944926159860e-18
2.626128104876382668e-06 1.276765948511196669e+01 3.572401863513958233e+04 1.171464879691083221e-17
2.760772572037287162e-06 1.339614731983365559e+01 3.572396114128982299e+04 1.428045578052602818e-17
2.902320408650496801e-06 1.405557245813272971e+01 3.572390364744001272e+04 1.740823995955204923e-17
3.051125558036519890e-06 1.474745954638987122e+01 3.572384828299211222e+04 2.122109120835162659e-17
3.207560110577962700e-06 1.547339931802913071e+01 3.572378653033863520e+04 2.586904546684427028e-17
3.372015234139298021e-06 1.623507715257485273e+01 3.572372903648884676e+04 3.153502646732151472e-17
3.544902152190277809e-06 1.703424856628501161e+01 3.572367154263900011e+04 3.844200187301420802e-17
3.726653172078803499e-06 1.787275704927955999e+01 3.572361191938739648e+04 4.686177553564313632e-17
3.917722766024474580e-06 1.875254322956833875e+01 3.572355442553763714e+04 5.712570004536782310e-17
4.118588707535861475e-06 1.967563217913653872e+01 3.572349267288414558e+04 6.963766930021571168e-17
4.329753266093139866e-06 2.064416485867534590e+01 3.572343517903434258e+04 8.489009566515853463e-17
4.551744463083409039e-06 2.166036579697350817e+01 3.572337129697903583e+04 1.034831555548339592e-16
4.785117392129195949e-06 2.272659966626186190e+01 3.572331593253109168e+04 1.261486220064865867e-16
5.030455607111644826e-06 2.384531048569817457e+01 3.572325417987758556e+04 1.537783522090121452e-16
5.288372581359179674e-06 2.501910147808636609e+01 3.572320094483150024e+04 1.874597796526974619e-16
5.559513241650373021e-06 2.625066947729447620e+01 3.572314558038359246e+04 2.285182816245619825e-16
5.844555580866815540e-06 2.754285169472363748e+01 3.572308382773012272e+04 2.785695494594729916e-16
6.144212353328471540e-06 2.889864123767077331e+01 3.572302207507660205e+04 3.395833074444481034e-16
6.459232857050738118e-06 3.032118723386570025e+01 3.572297096943233191e+04 4.139608641968637373e-16
6.790404807379771878e-06 3.181375098209024088e+01 3.572291560498440231e+04 5.046289157037139963e-16
7.138556306691162195e-06 3.337979032289787540e+01 3.572286236993831699e+04 6.151556703699818897e-16
7.504557915077204533e-06 3.502290161531168167e+01 3.572280061728485452e+04 7.498902788847683979e-16
7.889324827200587103e-06 3.674691652796467878e+01 3.572274951164056256e+04 9.141357101165592112e-16
8.293819160757753291e-06 3.855579209726067091e+01 3.572269627659445541e+04 1.114355020211056912e-15
8.719052362274285227e-06 4.045371481260549729e+01 3.572264517095025076e+04 1.358427687886592616e-15
9.166087736248057605e-06 4.244506345517896051e+01 3.572259406530599517e+04 1.655958603623352570e-15
9.636043103964330830e-06 4.453444225913928278e+01 3.572254508906358387e+04 2.018656751682738665e-15
1.013009359863121538e-05 4.672668288782111290e+01 3.572250037162483932e+04 2.460795845869782681e-15
1.064947460382478790e-05 4.902682648151173339e+01 3.572245139538244257e+04 2.999774352977690615e-15
1.119548484259151579e-05 5.144022028799084012e+01 3.572241093674737931e+04 3.656804962145072619e-15
1.176948962493235138e-05 5.397239647704392951e+01 3.572236408990683412e+04 4.457741208158376127e-15
1.237292426178888029e-05 5.662924083576007916e+01 3.572232363127178542e+04 5.434105453192028911e-15
1.300729765406831334e-05 5.941687097385558758e+01 3.572228317263674398e+04 6.624319514621468662e-15
1.367419606568169201e-05 6.234173238245615067e+01 3.572224484340353229e+04 8.075223169890647036e-15
1.437528709002991615e-05 6.541057333946372410e+01 3.572220651417040062e+04 9.843913642670186470e-15
1.511232381985586521e-05 6.863051412646791505e+01 3.572217670254457335e+04 1.200000049242534108e-14
1.588714923088939049e-05 7.200894451302816890e+01 3.572214263211503567e+04 1.462832595954308697e-14
1.670170079024660794e-05 7.555371875962285344e+01 3.572211707929294062e+04 1.783233447033875500e-14
1.755801530110687162e-05 7.927300056346958002e+01 3.572209365587266802e+04 2.173811217034207980e-14
1.845823399578163895e-05 8.317539123040651816e+01 3.572207449125604762e+04 2.649937024174929637e-14
1.940460788991057802e-05 8.726985458854520061e+01 3.572204893843389436e+04 3.230346621409852781e-14
2.039950341117315543e-05 9.156595193784511366e+01 3.572203829142470931e+04 3.937885280984998547e-14
2.144540831659045798e-05 9.607354788657333700e+01 3.572202977381734672e+04 4.800395794113096259e-14
2.254493791321357228e-05 1.008030551596304036e+02 3.572202338561180659e+04 5.851821696966610071e-14
2.370084159775344190e-05 1.057654243789117174e+02 3.572202338561180659e+04 7.133542918023053174e-14
2.491600973150475266e-05 1.109720829030111702e+02 3.572202338561180659e+04 8.695998818565402639e-14
2.619348086775470484e-05 1.164351538643684449e+02 3.572203829142470931e+04 1.060068740457825229e-13
2.753644934974891994e-05 1.221671385107035803e+02 3.572204893843389436e+04 1.292255771871908646e-13
2.894827329821342076e-05 1.281813946442881047e+02 3.572207236185422516e+04 1.575299893996720554e-13
3.043248300840562692e-05 1.344917630954971628e+02 3.572210004407814267e+04 1.920339921668069773e-13
3.199278977769132648e-05 1.411128582003298675e+02 3.572213624390949553e+04 2.340955641144323377e-13
3.363309518572123809e-05 1.480599483502255396e+02 3.572217670254457335e+04 2.853700305154663854e-13
3.535750085041236633e-05 1.553491229576051467e+02 3.572222567878696282e+04 3.478754219862963948e-13
3.717031868412924126e-05 1.629972692518283850e+02 3.572228743144046166e+04 4.240718465393565579e-13
3.907608167571078754e-05 1.710220101658553915e+02 3.572235557229945698e+04 5.169580372181852890e-13
4.107955522530357004e-05 1.794419777959869293e+02 3.572243861897134047e+04 6.301899959861913641e-13
4.318574906034433776e-05 1.882765101552965348e+02 3.572252379504509008e+04 7.682238204872708499e-13
4.539992976248807967e-05 1.975461846766310146e+02 3.572262600633364491e+04 9.364928116739638179e-13
4.772763393680535859e-05 2.072723198702355774e+02 3.572273460582768166e+04 1.141619247651705436e-12
5.017468205617894183e-05 2.174774484408242756e+02 3.572285385233092529e+04 1.391676761656792493e-12
5.274719301551768723e-05 2.281853294887979757e+02 3.572299652225446334e+04 1.696508492420089007e-12
5.545159943218107865e-05 2.394205458789595014e+02 3.572314770978542219e+04 2.068111300377101971e-12
5.829466373087315435e-05 2.512091629710956227e+02 3.572331380312926194e+04 2.521112000909799206e-12
6.128349505322671351e-05 2.635783864848876874e+02 3.572349054348230857e+04 3.073340157456793302e-12
6.442556703436033705e-05 2.765569517355817197e+02 3.572368644845193921e+04 3.746533217844191014e-12
6.772873649085907528e-05 2.901747527880691564e+02 3.572389300043081312e+04 4.567187099119685950e-12
7.120126306690828879e-05 3.044635003357960272e+02 3.572412297582997417e+04 5.567607208542643901e-12
7.485182988770643921e-05 3.194561571770042860e+02 3.572436998644386040e+04 6.787170947115051094e-12
7.868956527180084881e-05 3.351872952431438080e+02 3.572462764406698989e+04 8.273880536723276383e-12
8.272406555663884206e-05 3.516935506936388265e+02 3.572490872511036287e+04 1.008626266107203241e-11
8.696541909440986997e-05 3.690129184755919596e+02 3.572520258256485977e+04 1.229565338409343836e-11
9.142423147818073699e-05 3.871856046543954335e+02 3.572551560463592614e+04 1.498902610442883947e-11
9.611165206140254191e-05 4.062535754667175638e+02 3.572584353251988068e+04 1.827239952074343530e-11
1.010394018371016720e-04 4.262610049567211945e+02 3.572618849561864045e+04 2.227502309156689275e-11
1.062198027464676133e-04 4.472539859914016915e+02 3.572654197632475552e+04 2.715444622706800476e-11
1.116658084901241013e-04 4.692810766190389131e+02 3.572690397463819681e+04 3.310274015481152954e-11
1.173910369191279803e-04 4.923932278553299966e+02 3.572727449055908073e+04 4.035405174004264161e-11
1.234098040866900780e-04 5.166439016355474223e+02 3.572765352408729086e+04 4.919382082357151540e-11
1.297371600457651012e-04 5.420888068778742763e+02 3.572802829881184152e+04 5.996997390318888649e-11
1.363889264820232711e-04 5.687866118916557525e+02 3.572839455592901504e+04 7.310666246686546065e-11
1.433817362763056455e-04 5.967987111932146718e+02 3.572874377783139789e+04 8.912091587753475718e-11
1.507330750954898936e-04 6.261896282803049871e+02 3.572907170571538154e+04 1.086430143307730034e-10
1.584613251157653230e-04 6.570268816076380745e+02 3.572936982197355246e+04 1.324412428661734058e-10
1.665858109876483387e-04 6.893810988013366341e+02 3.572962535019483039e+04 1.614520832496745314e-10
1.751268481576742783e-04 7.233263049441735575e+02 3.572982551396812778e+04 1.968170475944829512e-10
1.841057936675958640e-04 7.589395394399371071e+02 3.572994476047145145e+04 2.399273765186150533e-10
1.935450995581117185e-04 7.963025977519527032e+02 3.572998308970459766e+04 2.924791626135115129e-10
2.034683690106629794e-04 8.355004813004601374e+02 3.572992346645296493e+04 3.565395194715550176e-10
2.139004153676812446e-04 8.766209788814096555e+02 3.572972330267966754e+04 4.346273005384971069e-10
2.248673241788693637e-04 9.197582712760125787e+02 3.572938685718829220e+04 5.298134961581360007e-10
2.363965184286629729e-04 9.650090871513535831e+02 3.572888005954940309e+04 6.458399267715191496e-10
2.485168271079757005e-04 1.012475075991417725e+03 3.572817735694091243e+04 7.872669150839414827e-10
2.612585573016925852e-04 1.062262862072026792e+03 3.572725745534431189e+04 9.596521268443205077e-10
2.746535699721688829e-04 1.114484048084002779e+03 3.572609906074116589e+04 1.169768334311223569e-09
2.887353596282311993e-04 1.169254600178538112e+03 3.572466810270200949e+04 1.425867806790753384e-09
3.035391380788964293e-04 1.226696042745737486e+03 3.572293476960102998e+04 1.738006166336615567e-09
3.191019224812350285e-04 1.286936977540684211e+03 3.572089054383079929e+04 2.118438207435562325e-09
3.354626279025451924e-04 1.350109509992895255e+03 3.571849283735444624e+04 2.582091866403919534e-09
3.526621646282911485e-04 1.416352949743131148e+03 3.571571609734992671e+04 3.147156624085595960e-09
3.707435404591257876e-04 1.485812424217698890e+03 3.571252838278944546e+04 3.835791773460284140e-09
3.897519682527942697e-04 1.558640133546823790e+03 3.570890414085100929e+04 4.674994075687540800e-09
4.097349789798286580e-04 1.634995365015752895e+03 3.570481994811423647e+04 5.697651846237524974e-09
4.307425405757319271e-04 1.715042785164655925e+03 3.570023321654225583e+04 6.943820945967869235e-09
4.528271828868440083e-04 1.798955083737694622e+03 3.569510987570565339e+04 8.462292779087710073e-09
4.760441290223192071e-04 1.886913006933153156e+03 3.568942011397847818e+04 1.031249562831295220e-08
5.004514334406633081e-04 1.979104351633835449e+03 3.568312560212766402e+04 1.256680179161955924e-08
5.261101271161193775e-04 2.075723807323672645e+03 3.567617736391077051e+04 1.531333594796267062e-08
5.530843701478924991e-04 2.176973741767053980e+03 3.566852216428162501e+04 1.865939708220731298e-08
5.814416121938181326e-04 2.283066816331755490e+03 3.566012167400708131e+04 2.273564137276638932e-08
6.112527611296385451e-04 2.394220443235508355e+03 3.565090562282628525e+04 2.770109236897155264e-08
6.425923603556274889e-04 2.510662668034944090e+03 3.564081864629133634e+04 3.374934106534977590e-08
6.755387751939181127e-04 2.632628516558700085e+03 3.562979047414133674e+04 4.111598382330000415e-08
7.101743888426273075e-04 2.760359743870154034e+03 3.561773593030252232e+04 5.008768537042845908e-08
7.465858083767621441e-04 2.894108315883227078e+03 3.560457835630853515e+04 6.101326008058448648e-08
7.848640813110194670e-04 3.034134023424112456e+03 3.559023257608558197e+04 7.431703639696723299e-08
8.251049232659968648e-04 3.180700143768952785e+03 3.557458147253229981e+04 9.051499315677349137e-08
8.674089573071004124e-04 3.334081795845788292e+03 3.555752709316382970e+04 1.102346727012862864e-07
9.118819655546198935e-04 3.494560132536895253e+03 3.553895657968238083e+04 1.342389841431598277e-07
9.586351536941296880e-04 3.662419068437996430e+03 3.551872939156638313e+04 1.634550518671253661e-07
1.007785429048626679e-03 3.837952168186911877e+03 3.549671563530324056e+04 1.990096067103516412e-07
1.059455692907732439e-03 4.021456754094793268e+03 3.547276838216574833e+04 2.422713495921616150e-07
1.113775147844932919e-03 4.213232298164434724e+03 3.544672153881012491e+04 2.949023496976462178e-07
1.170879620791311689e-03 4.413583798498642864e+03 3.541840901189243596e+04 3.589205934375246724e-07
1.230911902673626282e-03 4.622816316118329269e+03 3.538764554345240322e+04 4.367750379604791077e-07
1.294022105466001958e-03 4.841237324661353341e+03 3.535424161672574701e+04 5.314369144476636642e-07
1.360368037548055848e-03 5.069151439444834068e+03 3.531798855033186555e+04 6.465093097367255058e-07
1.430115598308045934e-03 5.306861471983486808e+03 3.527866914528264169e+04 7.863600483216132457e-07
1.503439192977754080e-03 5.554664755071963555e+03 3.523605129677709192e+04 9.562814130203589409e-07
1.580522168736409397e-03 5.812850097355114485e+03 3.518988586479947116e+04 1.162682558349815231e-06
1.661557273174137529e-03 6.081699415599675376e+03 3.513991945053033123e+04 1.413322125898315483e-06
1.746747136261333697e-03 6.361481811438343357e+03 3.508588374933732121e+04 1.717586699884123468e-06
1.836304777029133936e-03 6.652450383568566394e+03 3.502749555077518744e+04 2.086825788938504485e-06
1.930454136227949345e-03 6.954839542755707043e+03 3.496445886798763968e+04 2.534754121940697615e-06
2.029430636295988157e-03 7.268862198308525876e+03 3.489646706710917351e+04 3.077934199668378735e-06
2.133481770037976965e-03 7.594704041701370443e+03 3.482319860846126539e+04 3.736353188589299820e-06
2.242867719486086112e-03 7.932526669022983697e+03 3.474433408176734520e+04 4.534117609254988424e-06
2.357862006490532136e-03 8.282449035584375451e+03 3.465952426512506645e+04 5.500272225704742452e-06
2.478752176666675511e-03 8.644558501459383479e+03 3.456842632483742636e+04 6.669793718617978666e-06
2.605840518408833982e-03 9.018898361095434666e+03 3.447068678019842628e+04 8.084762186120552187e-06
2.739444818768723561e-03 9.405462032089701097e+03 3.436594150349275151e+04 9.795758368608718585e-06
2.879899158088616417e-03 9.804194102828460018e+03 3.425382849640682980e+04 1.186353189912718347e-05
3.027554745376210416e-03 1.021497634046678468e+04 3.413397298421616870e+04 1.436096550090570101e-05
3.182780796510085389e-03 1.063763230397182997e+04 3.400600658040180133e+04 1.737542438200850362e-05
3.345965457471714814e-03 1.107191657585076791e+04 3.386955876904276374e+04 2.101151769078654963e-05
3.517516774912597243e-03 1.151750809686029788e+04 3.372425690481648053e+04 2.539436262568841985e-05
3.697863716483424691e-03 1.197401530234814163e+04 3.356974324821315531e+04 3.067346029346123334e-05
3.887457243476651579e-03 1.244095875325855377e+04 3.340565793032100919e+04 3.702720968361745041e-05
4.086771438464619106e-03 1.291776529307415149e+04 3.323164108222860523e+04 4.466822519725923714e-05
4.296304690752923532e-03 1.340378650926599585e+04 3.304736477605182881e+04 5.384966200852082940e-05
4.516580942613284376e-03 1.389827318840472253e+04 3.285250534271041397e+04 6.487247930303690117e-05
4.748150999412126434e-03 1.440036478374297621e+04 3.264673911312413475e+04 7.809393704399567298e-05
4.991593906910903912e-03 1.490911111167774288e+04 3.242977435924028759e+04 9.393766225381399478e-05
5.247518399182111472e-03 1.542344212778184556e+04 3.220132148240814786e+04 1.129050785419691971e-04
5.516564420761540903e-03 1.594219694456388424e+04 3.196112921321015165e+04 1.355890166996140010e-04
5.799404726842954938e-03 1.646408875626859299e+04 3.170895054103232542e+04 1.626890084357784569e-04
6.096746565516493986e-03 1.698771250079252786e+04 3.144455549047550448e+04 1.950291770623567935e-04
6.409333446257287764e-03 1.751155122096511332e+04 3.116773963896278656e+04 2.335788290164882348e-04
6.737946999086424568e-03 1.803396277896179527e+04 3.087831346972991014e+04 2.794757944564334770e-04
7.083408929053131541e-03 1.855317986274110444e+04 3.057610450122759721e+04 3.340531393669279457e-04
7.446583070925409317e-03 1.906729507928081875e+04 3.026094664011202258e+04 3.988691636908327991e-04
7.828377549226901017e-03 1.957426878242418024e+04 2.993268869885222375e+04 4.757415626607342050e-04
8.229747049021221908e-03 2.007190825938178023e+04 2.959117948991728190e+04 5.667850453767699298e-04
8.651695203121895217e-03 2.055786132811640346e+04 2.923626569637447756e+04 6.744532069788006234e-04
9.095277101697147801e-03 2.102961008372945798e+04 2.886778974248729355e+04 8.015844514721923554e-04
9.561601930544914862e-03 2.148444564106516555e+04 2.848557488790272328e+04 9.514509159577149008e-04
1.005183574463506743e-02 2.191944261336325144e+04 2.808941245124004126e+04 1.127809932408106687e-03
1.056720438385422289e-02 2.233146848185445924e+04 2.767907245710009374e+04 1.334958802906457053e-03
1.110899653824396448e-02 2.271713738141624344e+04 2.725427808324311991e+04 1.577786942821362941e-03
1.167856697039719623e-02 2.307277944090956953e+04 2.681469288417788266e+04 1.861824925046767689e-03
1.227733990307029038e-02 2.339449128653444495e+04 2.635995486159077700e+04 2.193293258386381974e-03
1.290681258048182248e-02 2.367806798811555927e+04 2.588963813511310582e+04 2.579131782927921411e-03
1.356855901220299469e-02 2.391903846593362687e+04 2.540327423633913349e+04 3.027019088408161585e-03
1.426423390900143431e-02 2.411278243850012586e+04 2.490040960267610717e+04 3.545381240048166901e-03
1.499557682048000690e-02 2.425454836841102951e+04 2.438060131854044448e+04 4.143362959231584181e-03
1.576441648485692182e-02 2.433967606482443443e+04 2.384351080903903130e+04 4.830796613607908456e-03
1.657267540176381518e-02 2.436378332130534181e+04 2.328896346322058525e+04 5.618143915693443735e-03
1.742237463949622076e-02 2.432307582478497716e+04 2.271705510416813195e+04 6.516445951570793566e-03
1.831563888873704443e-02 2.421469517678870034e+04 2.212826058849285982e+04 7.537294464454438389e-03
1.925470177538994923e-02 2.403708040249448459e+04 2.152353601762270773e+04 8.692853579967374858e-03
2.024191144580758314e-02 2.379026958077113886e+04 2.090438687866140390e+04 9.995952505801441318e-03
2.127973643838054069e-02 2.347620611647469923e+04 2.027293831464924369e+04 1.146032428772063815e-02
2.237077185616915750e-02 2.309869584869927712e+04 1.963186059549854326e+04 1.310088473400775576e-02
2.351774585601286785e-02 2.266336349126001369e+04 1.898431375354585907e+04 1.493419101685333414e-02
2.472352647034336062e-02 2.217723871707139187e+04 1.833375593738573662e+04 1.697887773930323654e-02
2.599112877875953478e-02 2.164825776759115615e+04 1.768374218339675645e+04 1.925611329892207291e-02
2.732372244729698585e-02 2.108463611398988724e+04 1.703769124623943571e+04 2.178993649853841127e-02
2.872463965424410307e-02 2.049432488856574128e+04 1.639870247029771417e+04 2.460750847234499314e-02
3.019738342232343442e-02 1.988450519671677102e+04 1.576939608454058543e+04 2.773913968294454760e-02
3.174563637807315680e-02 1.926126256615752936e+04 1.515182802644842923e+04 3.121814710548279082e-02
3.337326996033158216e-02 1.862955819280467404e+04 1.454751868893785831e+04 3.508076853085138197e-02
3.508435410085083278e-02 1.799317489506974744e+04 1.395746463207187480e+04 3.936574883041584622e-02
3.688316740124613496e-02 1.735491812220255451e+04 1.338224292375018194e+04 4.411410343847166349e-02
3.877420783172848273e-02 1.671678548621483787e+04 1.282209525108205526e+04 4.936871575485284047e-02
4.076220397837305304e-02 1.608023591332555952e+04 1.227704397278688702e+04 5.517414967335117909e-02
4.285212686704739649e-02 1.544636474970413474e+04 1.174696664825861444e+04 6.157631439869302309e-02
4.504920239356542677e-02 1.481608240504735659e+04 1.123166843722855447e+04 6.862225132599637789e-02
4.735892439114896407e-02 1.419020946848039239e+04 1.073092042899845546e+04 7.635976020008058973e-02
4.978706836787243073e-02 1.356962277563731368e+04 1.024451607158943625e+04 8.483746765410199453e-02
5.233970594844135349e-02 1.295524232791279428e+04 9.772266912938323003e+03 9.410433606904190784e-02
5.502322005641668845e-02 1.234807953667124275e+04 9.314021765514191429e+03 1.042095893696710490e-01
5.784432087484844831e-02 1.174923515804685303e+04 8.869667238668858772e+03 1.152025347715973369e-01
6.081006262522850592e-02 1.115986342524148131e+04 8.439116026926696577e+03 1.271321789939102442e-01
6.392786120671870020e-02 1.058118152200223631e+04 8.022312765839780695e+03 1.400473669786443942e-01
6.720551273976151097e-02 1.001440347144724365e+04 7.619211673268465347e+03 1.539962127440075712e-01
7.065121306044198912e-02 9.460736992015705255e+03 7.229778146432764515e+03 1.690262269385573446e-01
7.427357821434696361e-02 8.921347907285642577e+03 6.853978114903202368e+03 1.851841344756186558e-01
7.808166600116696332e-02 8.397315535033943888e+03 6.491763667138274286e+03 2.025153490225659048e-01
8.208499862391337165e-02 7.889649882120827897e+03 6.143082100442336923e+03 2.210646880264225955e-01
8.629358649938589920e-02 7.399224247281033058e+03 5.807851965194869081e+03 2.408751546991153292e-01
9.071795328942874881e-02 6.926809648012460457e+03 5.485977970663343513e+03 2.619891117401191294e-01
9.536916221556676621e-02 6.473027085499767054e+03 5.177333417438050674e+03 2.844471493830408870e-01
1.002588437228218304e-01 6.038373267166653022e+03 4.881770844441295594e+03 3.082891849818328311e-01
1.053992245618834284e-01 5.623195128316825503e+03 4.599111914268636610e+03 3.335536213971880826e-01
1.108031583623540345e-01 5.227698142383153026e+03 4.329150074941208004e+03 3.602775336195579992e-01
1.164841577735182265e-01 4.851953564729012214e+03 4.071652423132328295e+03 3.884968363012956671e-01
1.224564282530043596e-01 4.495910912106792239e+03 3.826363430620713189e+03 4.182468896165377759e-01
1.287349035878279091e-01 4.159399083131579573e+03 3.593003613414349275e+03 4.495621991291877673e-01
1.353352832366376823e-01 3.842131171748566430e+03 3.371269265575224381e+03 4.824758226359875390e-01
1.422740715865399574e-01 3.543726975074419897e+03 3.160839645950600698e+03 5.170205368560998327e-01
1.495686192226629019e-01 3.263722367867830144e+03 2.961378575224353881e+03 5.532289776712264739e-01
1.572371663136570008e-01 3.001574314174210031e+03 2.772533903566530171e+03 5.911327007284636892e-01
1.652988882216175348e-01 2.756681225873047879e+03 2.593943898838886980e+03 6.307635738808885506e-01
1.737739434504778357e-01 2.528384989941272124e+03 2.425235383368266412e+03 6.721519027385702838e-01
1.826835240527691917e-01 2.315996029962888770e+03 2.266032783904433472e+03 7.153296255660254177e-01
1.920499086207905493e-01 2.118792332805726801e+03 2.115955203692543364e+03 7.603279685331286730e-01
2.018965179946938526e-01 1.936030237069564009e+03 1.974619084225451616e+03 8.071771918531649437e-01
2.122479738267836202e-01 1.766959425440604946e+03 1.841643395660697479e+03 8.559088068225834123e-01
2.231301601484726449e-01 1.610825565358172753e+03 1.716648971382435548e+03 9.065538446156625740e-01
2.345702880938428103e-01 1.466878626024421237e+03 1.599260903578512853e+03 9.591431801628369502e-01
2.465969639416541459e-01 1.334379729554305186e+03 1.489110539554684237e+03 1.013707993200966939e+00
2.592402606459418002e-01 1.212605226497486228e+03 1.385836280260319882e+03 1.070279095660994662e+00
2.725317930340656614e-01 1.100851739625449000e+03 1.289085177339778284e+03 1.128887365840698376e+00
2.865047968602461026e-01 9.984392686471717298e+02 1.198513731658101733e+03 1.189563432254986175e+00
3.011942119122611450e-01 9.047139914351322432e+02 1.113788758370514415e+03 1.252337631356421177e+00
3.166367693791155569e-01 8.190508485816571920e+02 1.034588385079535783e+03 1.317240760499312824e+00
3.328710836981453314e-01 7.408534160874786494e+02 9.606015860283280290e+02 1.384301713366301589e+00
3.499377491112247163e-01 6.695564903930069249e+02 8.915295795206579896e+02 1.453549631017707622e+00
3.678794411715154977e-01 6.046263915040284473e+02 8.270860275523156133e+02 1.525014289707565363e+00
3.867410234545784475e-01 5.455592433797855847e+02 7.669959711101976154e+02 1.598721825508535366e+00
4.065696597406806001e-01 4.918827460425010827e+02 7.109972275922615381e+02 1.674698944974611914e+00
4.274149319488126375e-01 4.431551383725295068e+02 6.588400580884928104e+02 1.752972565815317685e+00
4.493289641173122684e-01 3.989636661659052379e+02 6.102865019428263622e+02 1.833567271826945566e+00
4.723665527411103904e-01 3.589240046517256246e+02 5.651104432969536902e+02 1.916505982893211169e+00
4.965853037915104462e-01 3.226795506631549415e+02 5.230976776341311734e+02 2.001812009818234372e+00
5.220457767611225153e-01 2.898999218869653873e+02 4.840454127006226486e+02 2.089508381660342362e+00
5.488116360941387439e-01 2.602783922144300277e+02 4.477608378138360763e+02 2.179607566460565860e+00
5.769498103806052214e-01 2.335340124751110125e+02 4.140636525270124935e+02 2.272136953673665083e+00
6.065306597127584354e-01 2.094062942547217574e+02 3.827823401760000479e+02 2.367109059002248994e+00
6.376281516219051149e-01 1.876561022802876266e+02 3.537556318430198985e+02 2.464537325406603419e+00
6.703200460357783275e-01 1.680643126977793429e+02 3.268321403657260475e+02 2.564439067487743529e+00
7.046880897188601001e-01 1.504295726061002370e+02 3.018690627329567064e+02 2.666823506712916458e+00
7.408182206818726412e-01 1.345678266958883000e+02 2.787324961678189652e+02 2.771701543872150619e+00
7.788007830715680813e-01 1.203108317614268117e+02 2.572967726896139311e+02 2.879082612992694745e+00
8.187307530781540166e-01 1.075050069309865535e+02 2.374440598509899303e+02 2.988974853724606806e+00
8.607079764252394405e-01 9.601028756146561705e+01 2.190639115672427124e+02 3.101383789393522772e+00
9.048374180361511421e-01 8.569906554057038761e+01 2.020528522175154649e+02 3.216310738902775412e+00
9.512294245009160765e-01 7.645542902468588409e+01 1.863142601931376987e+02 3.333760651811213283e+00
1.000000000000213163e+00 6.817398591054460155e+01 1.717577190954992261e+02 3.453734473038427399e+00
1.051271096376248826e+00 6.075906301406433130e+01 1.582987349248687963e+02 3.576230469687273317e+00
1.105170918075884856e+00 5.412398996938587459e+01 1.458585198130189156e+02 3.701249897782823872e+00
1.161834242728533306e+00 4.819014745721897697e+01 1.343634097649092780e+02 3.828785451088169811e+00
1.221402758160433644e+00 4.288647782666743069e+01 1.237448313867826073e+02 3.958834333923600290e+00
1.284025416688019838e+00 3.814871253279419960e+01 1.139388443974875855e+02 4.091391193795771208e+00
1.349858807576296504e+00 3.391880224431951518e+01 1.048859004071762939e+02 4.226450632494032078e+00
1.419067548593566874e+00 3.014431614568917084e+01 9.653050188028971945e+01 4.364001597041041514e+00
1.491824697641596753e+00 2.677801634265739494e+01 8.882107736591892433e+01 4.504037933213310474e+00
1.568312185490513100e+00 2.377730802821735168e+01 8.170961550686259045e+01 4.646548702054797531e+00
1.648721270700491237e+00 2.110382526575928352e+01 7.515145709022883125e+01 4.791518443510300429e+00
1.733253017867778301e+00 1.872310816192933913e+01 6.910520770868710372e+01 4.938943980904468845e+00
1.822118800390913007e+00 1.660409847544230288e+01 6.353228027179109461e+01 5.088802861733856098e+00
1.915540829014322100e+00 1.471896831543711137e+01 5.839699066270209471e+01 5.241093036436713426e+00
2.013752707470925607e+00 1.304267280056950362e+01 5.366610440849966324e+01 5.395792874524459215e+00
2.117000016613148627e+00 1.155276053733851249e+01 4.930882420321751169e+01 5.552884173703588999e+00
2.225540928492967474e+00 1.022912673259015648e+01 4.529664434326446099e+01 5.712360070931907785e+00
2.339646851926517890e+00 9.053732746158415168e+00 4.160308871118182594e+01 5.874201750569947755e+00
2.459603111157505406e+00 8.010433728067182457e+00 3.820364007284803165e+01 6.038393233898891488e+00
2.585709659316432152e+00 7.084779466508859258e+00 3.507558203593514889e+01 6.204915457001643375e+00
2.718281828459663263e+00 6.263858508592275776e+00 3.219790963166768449e+01 6.373759081070796917e+00
2.857651118063815776e+00 5.536111683510273274e+00 2.955113176289363963e+01 6.544895546144490872e+00
3.004166023947120401e+00 4.891228259403896494e+00 2.711725040914451412e+01 6.718309077372418336e+00
3.158192909690492378e+00 4.320012973883108565e+00 2.487964625446607414e+01 6.893999897365306495e+00
3.320116922737311960e+00 3.814232234368353236e+00 2.282286865852550051e+01 7.071923040843227426e+00
3.490342957462647444e+00 3.366573170297241013e+00 2.093272091586488770e+01 7.252080631403992506e+00
3.669296667620093988e+00 2.970504302260336349e+00 1.919604398852644422e+01 7.434451354204180795e+00
3.857425530697870641e+00 2.620206260342708315e+00 1.760067699566678812e+01 7.619007316125810725e+00
4.055199966845619564e+00 2.310503150260255101e+00 1.613540626595419880e+01 7.805732210120651438e+00
4.263114515169814212e+00 2.036790624717347065e+00 1.478988527705003087e+01 7.994616627510143125e+00
4.481689070339116121e+00 1.794969336464288689e+00 1.355455043610224131e+01 8.185636621017749803e+00
4.711470182591849465e+00 1.581396962062574074e+00 1.242058468860057552e+01 8.378774454772889513e+00
4.953032424396282885e+00 1.392837295124495167e+00 1.137985617330389587e+01 8.574013424878620171e+00
5.206979827181080545e+00 1.226415124575954474e+00 1.042486207590256164e+01 8.771329828872197254e+00
5.473947391728498424e+00 1.079579614371416474e+00 9.548692237873524391e+00 8.970709475035977931e+00
5.754602676007100293e+00 9.500672944061844261e-01 8.744978208877707715e+00 9.172139617861430949e+00
6.049647464414390718e+00 8.358689163960320023e-01 8.007844378651300943e+00 9.375590635397124117e+00
6.359819522603354258e+00 7.352052811229237150e-01 7.331888221812737250e+00 9.581053197245697817e+00
6.685894442280875261e+00 6.464984212260171947e-01 6.712128310513145735e+00 9.788502914055010606e+00
7.028687580590986528e+00 5.683517757029109552e-01 6.143984559243371280e+00 9.997932475821874831e+00
7.389056098932435646e+00 4.995272316287819869e-01 5.623232995839713588e+00 1.020930830574467585e+01
7.767901106308653603e+00 4.389306434592180062e-01 5.145995883887574784e+00 1.042262768700085651e+01
8.166169912569634093e+00 3.855928976195734936e-01 4.708699612968110237e+00 1.063786613193225428e+01
8.584858397179985445e+00 3.386575387614225718e-01 4.308060922010581884e+00 1.085501467662742847e+01
9.025013499436326470e+00 2.973668349789951870e-01 3.941057006566304199e+00 1.107404719327980480e+01
9.487735836360851494e+00 2.610514684323723689e-01 3.604910702413941959e+00 1.129494582683284243e+01
9.974182454817173138e+00 2.291203516730355993e-01 3.297070730366642000e+00 1.151770235951700094e+01
1.048556972473016025e+01 2.010510817206618284e-01 3.015189601648387452e+00 1.174228914799820522e+01
1.102317638064432792e+01 1.763829610416174087e-01 2.757114000234336171e+00 1.196870486056276128e+01
1.158834671922626214e+01 1.547089379088353589e-01 2.520862168353665833e+00 1.219691804327582041e+01
1.218249396070650370e+01 1.356702748358454003e-01 2.304616888197374980e+00 1.242692215998180494e+01
1.280710378266622662e+01 1.189503858068747671e-01 2.106707806219389578e+00 1.265869396333895125e+01
1.346373803500505772e+01 1.042703630400815540e-01 1.925603245128977070e+00 1.289223174007612194e+01
1.415403864537935341e+01 9.138410736100116560e-02 1.759894737654205787e+00 1.312750112233080202e+01
1.487973172487657614e+01 8.007505228154385146e-02 1.608292217712104621e+00 1.336450239785255789e+01
1.564263188419211659e+01 7.015227332068357802e-02 1.469610373729359987e+00 1.360321254444220251e+01
1.644464677110120832e+01 6.144769810534029403e-02 1.342762280191982072e+00 1.384361540048172046e+01
1.728778184057202338e+01 5.381340291795100317e-02 1.226751339606089619e+00 1.408570325965909831e+01
1.817414536944768244e+01 4.711917046838608875e-02 1.120663224458715357e+00 1.432946208263806476e+01
1.910595372823652127e+01 4.125037633891757288e-02 1.023658858925595494e+00 1.457485822427322297e+01
2.008553692319280515e+01 3.610631881491525863e-02 9.349704548357485878e-01 1.482189760518589416e+01
2.111534442254602695e+01 3.159837590224923165e-02 8.538933886480880586e-01 1.507056483260422119e+01
2.219795128144734164e+01 2.764860909753228888e-02 7.797814576057565672e-01 1.532082772004075544e+01
2.333606458094873304e+01 2.418858569074908843e-02 7.120434355742171206e-01 1.557268822338490288e+01
2.453253019711569394e+01 2.115813230402962056e-02 6.501370295118404918e-01 1.582612580552586579e+01
2.579033991719975205e+01 1.850440525049795379e-02 5.935656952447406765e-01 1.608113095252825175e+01
2.711263892066493852e+01 1.618099292167462719e-02 5.418746084471715019e-01 1.633769550844479213e+01
2.850273364377471097e+01 1.414712408429479040e-02 4.946468955586714733e-01 1.659579130321521134e+01
2.996410004740484823e+01 1.236703017313658948e-02 4.515011968770495931e-01 1.685541286223608992e+01
3.150039230875619012e+01 1.080931496748444021e-02 4.120882873806498981e-01 1.711655336217334522e+01
3.311545195870102276e+01 9.446416851397769140e-03 3.760882174241212406e-01 1.737918575497263163e+01
3.481331748761120082e+01 8.254172887954174323e-03 3.432084281969892681e-01 1.764330949066376064e+01
3.659823444368765877e+01 7.211378630357684512e-03 3.131809249115158900e-01 1.790890208928630756e+01
3.847466604904231957e+01 6.299447679909043682e-03 2.857606197059279207e-01 1.817595793932558124e+01
4.044730436007814234e+01 5.502082569506458638e-03 2.607232034122872188e-01 1.844446708150480418e+01
4.252108200007410943e+01 4.804990076169615189e-03 2.378632610150654414e-01 1.871438998535315079e+01
4.470118449331276622e+01 4.195661868805721645e-03 2.169933131343823596e-01 1.898575330536454331e+01
4.699306323159186860e+01 3.663121641601569702e-03 1.979414603492239133e-01 1.925851807369752322e+01
4.940244910554343960e+01 3.197762307087842829e-03 1.805507008634754385e-01 1.953268184904982263e+01
5.193536683484541783e+01 2.791167271620397395e-03 1.646774033775257606e-01 1.980823289433845957e+01
5.459815003315897997e+01 2.435965141932659207e-03 1.501902023570841349e-01 2.008515146441814281e+01
5.739745704546173499e+01 2.125704600746593492e-03 1.369690720085156022e-01 2.036343912123116340e+01
6.034028759737834946e+01 1.854735927854092321e-03 1.249042134246349800e-01 2.064307883257184528e+01
6.343400029814058882e+01 1.618114843490527782e-03 1.138952747744611527e-01 2.092405729083842658e+01
6.668633104094334385e+01 1.411513109880524908e-03 1.038504740166920626e-01 2.120633643228461906e+01
7.010541234670704114e+01 1.231148767217940272e-03 9.468611151829947614e-02 2.148995161985484614e+01
7.369979369961600923e+01 1.073708572716285895e-03 8.632552218451318427e-02 2.177486625232158346e+01
7.747846292528217305e+01 9.362957690064560275e-04 7.869869367671997185e-02 2.206105658995509700e+01
8.145086866499057976e+01 8.163786352427847889e-04 7.174172216989790907e-02 2.234853455495040464e+01
8.562694400222423496e+01 7.117425154544309998e-04 6.539618687981378631e-02 2.263729347850033236e+01
9.001713130054676526e+01 6.204503193404507138e-04 5.960867486615573779e-02 2.292729278767154355e+01
9.463240831495036787e+01 5.408105134489886966e-04 5.433047641915565024e-02 2.321854829840455992e+01
9.948431564196151555e+01 4.713436155279132969e-04 4.951704894004523017e-02 2.351103446038741751e+01
1.045849855771433994e+02 4.107571112981641369e-04 4.512772857372578800e-02 2.380473616727783792e+01
1.099471724521542768e+02 3.579219126884575024e-04 4.112539310329739461e-02 2.409965033342207263e+01
1.155842845272200918e+02 3.118515557942225821e-04 3.747614109063483051e-02 2.439577061090055210e+01
1.215104175187690743e+02 2.716840688746465014e-04 3.414899944754569427e-02 2.469306338325093719e+01
1.277403898460648861e+02 2.366672857704519824e-04 3.111573051396470876e-02 2.499155048333201989e+01
1.342897796849734675e+02 2.061439515785787866e-04 2.835052947533233184e-02 2.529121769004461839e+01
1.411749639215168770e+02 1.795400515702598682e-04 2.582982941003345370e-02 2.559202555860509420e+01
1.484131591026187778e+02 1.563548904323567418e-04 2.353214898270887534e-02 2.589398887347337208e+01
1.560224644864394463e+02 1.361511951844230316e-04 2.143786703035588034e-02 2.619709396628041986e+01
1.640219072999485945e+02 1.185472706687049803e-04 1.952907228639596399e-02 2.650131301251499849e+01
1.724314903169036768e+02 1.032101923320725192e-04 1.778943341230007635e-02 2.680665294313731906e+01
1.812722418752032070e+02 8.984936695922788317e-05 1.620404059863281288e-02 2.711310139718486312e+01
1.905662684586848457e+02 7.821124502345030093e-05 1.475928778121317342e-02 2.742063755287009030e+01
2.003368099748494728e+02 6.807471466774433501e-05 1.344276805718823756e-02 2.772926453421544934e+01
2.106082978667353416e+02 5.924686075831321960e-05 1.224315793195004942e-02 2.803896879863976110e+01
2.214064162042512862e+02 5.155940865176916759e-05 1.115012491974438393e-02 2.834972127781997742e+01
2.327581659077297047e+02 4.486568524072770419e-05 1.015425139032653454e-02 2.866152823215658785e+01
2.446919322642916654e+02 3.903781081651528008e-05 9.246949277215629759e-03 2.897441428000421837e+01
2.572375559058498879e+02 3.396414112207600902e-05 8.420367678303636999e-03 2.928829022024716622e+01
2.704264074262317763e+02 2.954752852460127156e-05 7.667367979096167442e-03 2.960320383266727262e+01
2.842914658240042627e+02 2.570322696817436197e-05 6.981432468699306018e-03 2.991915877076501218e+01
2.988674009671481713e+02 2.235733339040492284e-05 6.356612047856593020e-03 3.023610901582379640e+01
3.141906602857868620e+02 1.944547068768164179e-05 5.787485613831994113e-03 3.055403218109487895e+01
3.302995599097462787e+02 1.691156825437977425e-05 5.269114368403386879e-03 3.087294980383884280e+01
3.472343804788374655e+02 1.470674809462351823e-05 4.796992064344239061e-03 3.119285094824473603e+01
3.650374678654371792e+02 1.278842744192144240e-05 4.367010482574200381e-03 3.151372438333095261e+01
3.837533390612260860e+02 1.111950262707455024e-05 3.975422878553870436e-03 3.183553280615888781e+01
4.034287934928555046e+02 9.667679021978355049e-06 3.618818090147708950e-03 3.215830546071435947e+01
4.241130300448911044e+02 8.404802999264319126e-06 3.294081953262932485e-03 3.248199116796102714e+01
4.458577700826506316e+02 7.306378896100508652e-06 2.998380294269284430e-03 3.280661847326548752e+01
4.687173867825576963e+02 6.351062958382967046e-06 2.729127453283401727e-03 3.313216900538544962e+01
4.927490410934046849e+02 5.520270447174392601e-06 2.483966738143791094e-03 3.345861636932011152e+01
5.180128246684984106e+02 4.797828593685593444e-06 2.260752147608146179e-03 3.378598018528236224e+01
5.445719101260938260e+02 4.169648216906947246e-06 2.057525779194596584e-03 3.411421506752642330e+01
5.724927090138447738e+02 3.623474887155636983e-06 1.872505898491081669e-03 3.444335080347526912e+01
6.018450378722650385e+02 3.148635272916924453e-06 1.704067266208064138e-03 3.477336089238266936e+01
6.327022928124463306e+02 2.735841828692926982e-06 1.550729461332407211e-03 3.510423142823589870e+01
6.651416330445650829e+02 2.377011723090834680e-06 1.411143554292127074e-03 3.543594179567669045e+01
6.992441738160994191e+02 2.065112664412471293e-06 1.284080937799241201e-03 3.576848769315314058e+01
7.350951892421985576e+02 1.794027160762254637e-06 1.168422792303784553e-03 3.610189630119452886e+01
7.727843255353874383e+02 1.558428514533911200e-06 1.063148536069938093e-03 3.643611455306700719e+01
8.124058251677936369e+02 1.353686298183276024e-06 9.673296694473563356e-04 3.677116404154701712e+01
8.540587625264155349e+02 1.175770016879767281e-06 8.801195576308252578e-04 3.710700464544427746e+01
8.978472916506958654e+02 1.021176041837512801e-06 8.007478460816575168e-04 3.744366119267156989e+01
9.438809066718714575e+02 8.868555786509828719e-07 7.285123375043156806e-04 3.778111444200624902e+01
9.922747156053346771e+02 7.701565288890975702e-07 6.627732168844634782e-04 3.811931043333861169e+01
1.043149728180628472e+03 6.687755054061854750e-07 6.029490534383959372e-04 3.845834268059221728e+01
1.096633158428801380e+03 5.807055121797729909e-07 5.485085506673981421e-04 3.879808832459418966e+01
1.152858742783748994e+03 5.042045051073060630e-07 4.989692454047934232e-04 3.913859876224146461e+01
1.211967074492957408e+03 4.377570867909310844e-07 4.538914472789463517e-04 3.947988773458541090e+01
1.274105955173854682e+03 3.800450828395364070e-07 4.128743993154902108e-04 3.982190331782594939e+01
1.339430764394840480e+03 3.299232313533862747e-07 3.755535173786082046e-04 4.016464800773237442e+01
1.408104848205140797e+03 2.863958288582323413e-07 3.415967411566030502e-04 4.050810516958657104e+01
1.480299927585014302e+03 2.485976408822572935e-07 3.107018687948568899e-04 4.085229088764945260e+01
1.556196527837648091e+03 2.157762609272981363e-07 2.825935107620565468e-04 4.119715714327784184e+01
1.635984429996447261e+03 1.872782643787434727e-07 2.570212494777036503e-04 4.154273956888065555e+01
1.719863145376471039e+03 1.625354640383909295e-07 2.337568787533911556e-04 4.188900696876942931e+01
1.808042414456641382e+03 1.410543444964323164e-07 2.125928013995075463e-04 4.223597934382407715e+01
1.900742731340188357e+03 1.224057854736814493e-07 1.933398080860353966e-04 4.258358484329898630e+01
1.998195895104759757e+03 1.062173992171871445e-07 1.758260143687853704e-04 4.293190005449597635e+01
2.100645589420852957e+03 9.216521864020481453e-08 1.598946078196251681e-04 4.328083953074167312e+01
2.208347991887921125e+03 7.996808455622421460e-08 1.454030864930395679e-04 4.363042913317908500e+01
2.321572414611807289e+03 6.938167945912882816e-08 1.322216803307623139e-04 4.398066294161985468e+01
2.440601977625289692e+03 6.019378502798625032e-08 1.202322802553728741e-04 4.433153696043819281e+01
2.565734316835632853e+03 5.222005796232246478e-08 1.093273751965323227e-04 4.468303431419870009e+01
2.697282328269386653e+03 4.530039838889391238e-08 9.940912397209869641e-05 4.503513836877516496e+01
2.835574950475434889e+03 3.929579203190930260e-08 9.038851442828531855e-05 4.538785920801155527e+01
2.980957987042702825e+03 3.408548487197221698e-08 8.218450671453599672e-05 4.574117335087069591e+01
3.133794971289250043e+03 2.956462431593509987e-08 7.472335900912317980e-05 4.609505755807297334e+01
3.294468075284922634e+03 2.564222744476036946e-08 6.793804843642579482e-05 4.644959345445948173e+01
3.463379065480592999e+03 2.223918218411479374e-08 6.176743813972523174e-05 4.680466639299984877e+01
3.640950307333554974e+03 1.928688284857290413e-08 5.615600360512503744e-05 4.716029969437535385e+01
3.827625821441170956e+03 1.672575704761180698e-08 5.105320994930795300e-05 4.751650290200931437e+01
4.023872393823642142e+03 1.450407954666945661e-08 4.641306372537502465e-05 4.787326318380107892e+01
4.230180743132199495e+03 1.257695542490919723e-08 4.219372818980284348e-05 4.823058752207656852e+01
4.447066747701334862e+03 1.090540239749158465e-08 3.835711873780306983e-05 4.858843356261609614e+01
4.675072735513344924e+03 9.455594080063233404e-09 3.486860146300061250e-05 4.894678772868167727e+01
4.914768840300775992e+03 8.198180817069664132e-09 3.169668576763259708e-05 4.930568993423749902e+01
5.166754427177720572e+03 7.107677164322983369e-09 2.881269912430721130e-05 4.966511133672499767e+01
5.431659591364801599e+03 6.161972524595398614e-09 2.619057091156299787e-05 5.002506361409707836e+01
5.710146733755425885e+03 5.341867264988108035e-09 2.380655873778720000e-05 5.038545175418252597e+01
6.002912217263044113e+03 4.630722992195445492e-09 2.163911358633577910e-05 5.074637671146422946e+01
6.310688108091153481e+03 4.014084704448854550e-09 1.966859424049233567e-05 5.110777116304191736e+01
6.634244006280128815e+03 3.479421733338871962e-09 1.787716217598709517e-05 5.146970191386446913e+01
6.974388970108182548e+03 3.015849100487254261e-09 1.624855845549681650e-05 5.183204704001191487e+01
7.331973539158482708e+03 2.613935190409090908e-09 1.476802539382385727e-05 5.219486051253167602e+01
7.707891861111141225e+03 2.265494382614850959e-09 1.342213203981593462e-05 5.255815213888904225e+01
8.103083927578147268e+03 1.963422835205074765e-09 1.219865419518531700e-05 5.292186102788588897e+01
8.518537924572025076e+03 1.701563527429382467e-09 1.108649013020872083e-05 5.328606014318307160e+01
8.955292703485578386e+03 1.474570267195726997e-09 1.007552572884677087e-05 5.365066230195746044e+01
9.414440378761499232e+03 1.277810512830800811e-09 9.156577968683580411e-06 5.401572928676603880e+01
9.897129058747319505e+03 1.107262130310812016e-09 8.321280889226554929e-06 5.438115236259973528e+01
1.040456571656430970e+04 9.594421245886724492e-10 7.562046424496137299e-06 5.474707415294027157e+01
1.093801920816896018e+04 8.313241648092414218e-10 6.871952354485295859e-06 5.511333716208942235e+01
1.149882344515380282e+04 7.202881887673430027e-10 6.244721481979586830e-06 5.548004052652057538e+01
1.208838073022117533e+04 6.240601741607027091e-10 5.674637844046693020e-06 5.584716305784270673e+01
1.270816526367042752e+04 5.406672758957779927e-10 5.156499116196362844e-06 5.621457161126572544e+01
1.335972682966652428e+04 4.684020090232883096e-10 4.685589839720175115e-06 5.658244921865840382e+01
1.404469467150771925e+04 4.057812653565663554e-10 4.257610027931388705e-06 5.695071193993823755e+01
1.476478156558243427e+04 3.515196510081552547e-10 3.868652111929757087e-06 5.731930899331780438e+01
1.552178810420236550e+04 3.045031760436039018e-10 3.515165491616424944e-06 5.768824630818259891e+01
1.631760719802116000e+04 2.637662339489164222e-10 3.193923069868823893e-06 5.805757352767909651e+01
1.715422880929701932e+04 2.284711298878625430e-10 2.901987290925507768e-06 5.842721478865590967e+01
1.803374492783486858e+04 1.978921951699183121e-10 2.636690556681053175e-06 5.879720650705009888e+01
1.895835480205053682e+04 1.714001962530404761e-10 2.395606470866009399e-06 5.916754013461922312e+01
1.993037043823734348e+04 1.484497605713887137e-10 2.176529511656784101e-06 5.953822362545438551e+01
2.095222238178608313e+04 1.285680656977050971e-10 1.977453836653040334e-06 5.990921841686299842e+01
2.202646579481454319e+04 1.113453815448527523e-10 1.796556549965180190e-06 6.028051081354113450e+01
2.315578684540369068e+04 9.642663219799886705e-11 1.632180845354244732e-06 6.065210625941346478e+01
2.434300942441707230e+04 8.350405478100206265e-11 1.482820388846850693e-06 6.102399349027055564e+01
2.559110220669883711e+04 7.231096295937434294e-11 1.347106180300172128e-06 6.139618385422297564e+01
2.690318607430719567e+04 6.261624167909912132e-11 1.223793786809350937e-06 6.176869162043571038e+01
2.828254192034512744e+04 5.421955323223065491e-11 1.111751443747469974e-06 6.214146850847934900e+01
2.973261885290210193e+04 4.694735881392004467e-11 1.009951006598027718e-06 6.251452192737627911e+01
3.125704281962085952e+04 4.064927595152827467e-11 9.174578492336268180e-07 6.288784840155224032e+01
3.285962567445517197e+04 3.519497379883533495e-11 8.334221256172003377e-07 6.326139151636697733e+01
3.454437470929026313e+04 3.047161186155615008e-11 7.570723865057471884e-07 6.363524117207091280e+01
3.631550267425979837e+04 2.638133083175422889e-11 6.877063453615230171e-07 6.400930902786822685e+01
3.817743831181556016e+04 2.283943205457163229e-11 6.246867880845442238e-07 6.438369707354371485e+01
4.013483743089039490e+04 1.977244445947568416e-11 5.674333305038003232e-07 6.475825651806366068e+01
4.219259454884566367e+04 1.711679515838824912e-11 5.154195365978626449e-07 6.513304905109774268e+01
4.435585513031406299e+04 1.481739500606264803e-11 4.681667521067383933e-07 6.550809748085453066e+01
4.663002845354139572e+04 1.282650384311449418e-11 4.252396734087305008e-07 6.588333818525627805e+01
4.902080113639969204e+04 1.110279062080276940e-11 3.862430629116735648e-07 6.625880858583221311e+01
5.153415135589398415e+04 9.610443904202280089e-12 3.508175658247919487e-07 6.663449228334941665e+01
5.417636379671867326e+04 8.318443537705236381e-12 3.186365804843111863e-07 6.701035062177184898e+01
5.695404536624281900e+04 7.199934985658532832e-12 2.894035624953253738e-07 6.738644790386172190e+01
5.987414171521994285e+04 6.231644211291896555e-12 2.628487401230322071e-07 6.776271708102714797e+01
6.294395460553275188e+04 5.393423040414932770e-12 2.387271466261640152e-07 6.813916701825426969e+01
6.617116016840114025e+04 4.667820823308462366e-12 2.168161568004153351e-07 6.851579217945055689e+01
6.956382809870861820e+04 4.039727315937122305e-12 1.969135348053107935e-07 6.889262447300346537e+01
7.313044183344273188e+04 3.496049412759040309e-12 1.788353270566943980e-07 6.926955747397434493e+01
7.687991976470644295e+04 3.025462049112095411e-12 1.624147157123543519e-07 6.964673035156673109e+01
8.082163754034375597e+04 2.618145990239934616e-12 1.474998031104478196e-07 7.002402250223222779e+01
8.496545150794286747e+04 2.265604134825153490e-12 1.339527131501246252e-07 7.040141633636062579e+01
8.932172336083906703e+04 1.960483051444955573e-12 1.216482975894903798e-07 7.077903418466755170e+01
9.390134604774527543e+04 1.696409030845738179e-12 1.104726486756013200e-07 7.115678016510132409e+01
9.871577101079767453e+04 1.467866088699407090e-12 1.003223477127420324e-07 7.153462781831485984e+01
1.037770368201258680e+05 1.270080293680749215e-12 9.110349672257689204e-08 7.191264033501322217e+01
1.090977992765488161e+05 1.098915703982821000e-12 8.273068813055416218e-08 7.229072975742046481e+01
1.146913630576689611e+05 9.507938847550862112e-13 7.512640826856003287e-08 7.266893262977171730e+01
1.205717149864963576e+05 8.226163404841580519e-13 6.822021622272458787e-08 7.304725590410774316e+01
1.267535590057915979e+05 7.117008584052165376e-13 6.194812409592483326e-08 7.342572369395203680e+01
1.332523529455816897e+05 6.157246458440201208e-13 5.625196177683932413e-08 7.380426438483644347e+01
1.400843471757866791e+05 5.326779931220933374e-13 5.107892763026201268e-08 7.418290656923394977e+01
1.472666252406089625e+05 4.608209803555298909e-13 4.638104235342824638e-08 7.456164936634252172e+01
1.548171465762921434e+05 3.986471572622882724e-13 4.211469966632410959e-08 7.494041722797391003e+01
1.627547914190663723e+05 3.448536892787112481e-13 3.824034482285776744e-08 7.531933621346836105e+01
1.710994080155731353e+05 2.983117300961770604e-13 3.472198269421708532e-08 7.569829724512769076e+01
1.798718622538203781e+05 2.580448611223153508e-13 3.152694924066509759e-08 7.607731326092630297e+01
1.890940898387710622e+05 2.232080346778813814e-13 2.862557646595354050e-08 7.645641809220531115e+01
1.987891511430313694e+05 1.930696738150326659e-13 2.599090191536777941e-08 7.683557744070171225e+01
2.089812888697938761e+05 1.669967615015273870e-13 2.359844208420315409e-08 7.721479415891137421e+01
2.196959886722229712e+05 1.444414462157448174e-13 2.142595614284153051e-08 7.759405875028534183e+01
2.309600428808625729e+05 1.249296484335467621e-13 1.945324452206357616e-08 7.797337475829016284e+01
2.428016174984180834e+05 1.080510065627675382e-13 1.766195137171949622e-08 7.835267042129201798e+01
2.552503226294341730e+05 9.345067123033434074e-14 1.603542511979139052e-08 7.873205427249720856e+01
2.683372865209793090e+05 8.082132067498069764e-14 1.455851996272396834e-08 7.911143698748936970e+01
2.820952333994774381e+05 6.989720849032626020e-14 1.321749515808093917e-08 7.949088535885255169e+01
2.965585652983192704e+05 6.044824377033540118e-14 1.199985718514952461e-08 7.987030861358822165e+01
3.117634480808650260e+05 5.227545221262826589e-14 1.089426968933472833e-08 8.024974213685983671e+01
3.277479018739408348e+05 4.520665695510333190e-14 9.890435344697861802e-09 8.062921127285027012e+01
3.445518961379595567e+05 3.909284322381057350e-14 8.978997083292412033e-09 8.100866022500750319e+01
3.622174496113909991e+05 3.380512855481341920e-14 8.151461596315641172e-09 8.138810858857735298e+01
3.807887353794944938e+05 2.923199240171461747e-14 7.400113636032478733e-09 8.176754402285379797e+01
4.003121913300411543e+05 2.527696729956723476e-14 6.717948231985803111e-09 8.214699385913422702e+01
4.208366362722213962e+05 2.185657212046953603e-14 6.098600486357951808e-09 8.252640582149629722e+01
4.424133920090965694e+05 1.889860748030846207e-14 5.536292799448589596e-09 8.290578925430689594e+01
4.650964116688389913e+05 1.634061691605517702e-14 5.025778705963846059e-09 8.328516953365199527e+01
4.889424146156553179e+05 1.412856328638594930e-14 4.562292521344090768e-09 8.366453450314176621e+01
5.140110282777408138e+05 1.221569287373885969e-14 4.141504798131082288e-09 8.404379895806347633e+01
5.403649372469085502e+05 1.056158977513714164e-14 3.759488434073153604e-09 8.442304983838857879e+01
5.680700400227193022e+05 9.131279475103453231e-15 3.412674854747212550e-09 8.480228407491763676e+01
5.971956137930564582e+05 7.894504979028366218e-15 3.097822542513679152e-09 8.518144240877853690e+01
6.278144876631795196e+05 6.825103211099970906e-15 2.811989438830791281e-09 8.556053321840403214e+01
6.600032247664229944e+05 5.900447464144070461e-15 2.552504620314126728e-09 8.593961016854845525e+01
6.938423137119094608e+05 5.100957827206837158e-15 2.316940701050877009e-09 8.631858982191911878e+01
7.294163698479967425e+05 4.409708460150740178e-15 2.103095434142821619e-09 8.669751586465376647e+01
7.668143468447235646e+05 3.812056108023648406e-15 1.908968108422506945e-09 8.707635324764866880e+01
8.061297591243179049e+05 3.295339678361954862e-15 1.732742844590833572e-09 8.745513373159921855e+01
8.474609156959623797e+05 2.848606465701508563e-15 1.572770075717548122e-09 8.783381543570010308e+01
8.909111659795242595e+05 2.462385451127919824e-15 1.427552264228458198e-09 8.821237228414092613e+01
9.365891582329371013e+05 2.128489569998068158e-15 1.295730708275000746e-09 8.859091022409917571e+01
9.846091112294379855e+05 1.839833083912228651e-15 1.176070048296702014e-09 8.896931233716097154e+01
1.035091099863994634e+06 1.590292753882558559e-15 1.067449915089966649e-09 8.934763515560145208e+01
1.088161355403086869e+06 1.374571649034983366e-15 9.688524624325618035e-10 8.972584076372407935e+01
1.143952581128624268e+06 1.188090575338520369e-15 8.793539546311921225e-10 9.010395981254694675e+01
1.202604284165272489e+06 1.026888208048449564e-15 7.981150831230184729e-10 9.048189042950058081e+01
1.264263124320930336e+06 8.875425298043966726e-16 7.243750959153211555e-10 9.085981415752482349e+01
1.329083280812643003e+06 7.670905878842918145e-16 6.574416905383672316e-10 9.123752538449357985e+01
1.397226837794951163e+06 6.629736316385718193e-16 5.966876248559182708e-10 9.161514458949905304e+01
1.468864189654704416e+06 5.729781499453114602e-16 5.415429703464611554e-10 9.199267525690179070e+01
1.544174467085782439e+06 4.951896418556571617e-16 4.914899677977790602e-10 9.236999328507154416e+01
1.623345985009134281e+06 4.279544278666044922e-16 4.460593355112589780e-10 9.274725327981370526e+01
1.706576713458170416e+06 3.698414970685602239e-16 4.048243987415885866e-10 9.312436905264276277e+01
1.794074772606963990e+06 3.196138551049910035e-16 3.673978820709938080e-10 9.350126243615925148e+01
1.886058953179090517e+06 2.762027317871313305e-16 3.334285807410303077e-10 9.387804115842457975e+01
1.982759263538399944e+06 2.386835803716100492e-16 3.025973359900758304e-10 9.425464577069352856e+01
2.084417504829733167e+06 2.062575462954773834e-16 2.746146747249582454e-10 9.463117682356488558e+01
2.191287875607731752e+06 1.782334572443407886e-16 2.492174354618065017e-10 9.500747971601184361e+01
2.303637607465630397e+06 1.540142185208528839e-16 2.261669829494418964e-10 9.538356605672635169e+01
2.421747633253435604e+06 1.330837912799530415e-16 2.052467873197740165e-10 9.575954533956034709e+01
2.545913289556382690e+06 1.149958469583439715e-16 1.862601091503426773e-10 9.613537824686622457e+01
2.676445055190230254e+06 9.936459219634262575e-17 1.690283653908305252e-10 9.651102096586028267e+01
2.813669327560023405e+06 8.585657472685255234e-17 1.533894650289471284e-10 9.688643720246294322e+01
2.957929238823618274e+06 7.418365888317340149e-17 1.391963565806602508e-10 9.726169857398279817e+01
3.109585513900805730e+06 6.409666148907353527e-17 1.263154394076325575e-10 9.763672013625549084e+01
