# [1] m:            [M_sun/h] 
# [2] sigma 
# [3] ln(1/sigma) 
# [4] n_eff 
# [5] f(sigma) 
# [6] dn/dm:        [h^4/(Mpc^3*M_sun)] 
# [7] dn/dlnm:      [h^3/Mpc^3] 
# [8] dn/dlog10m:   [h^3/Mpc^3] 
# [9] n(>m):        [h^3/Mpc^3] 
# [11] rho(>m):     [M_sun*h^2/Mpc^3] 
# [11] rho(<m):     [M_sun*h^2/Mpc^3] 
# [12] Lbox(N=1):   [Mpc/h]
1.000000000000000000e+10 3.789319146512594383e+00 -1.332186358236657320e+00 -2.368876894160144353e+00 2.514382461266987945e-01 2.330577139313241370e-11 2.330577139313241286e-01 5.366352179055376981e-01 2.638261804136448618e-01 4.206028968018429565e+10 4.605866031981570435e+10 1.559172034736707735e+00
1.122018454301965332e+10 3.743539350633535712e+00 -1.320031514355950453e+00 -2.364179765190804527e+00 2.528874273537728978e-01 1.875770263106375031e-11 2.104648851236205764e-01 4.846133070843530732e-01 2.382949672888976800e-01 4.179019460727067566e+10 4.632875539272932434e+10 1.612977749837522845e+00
1.258925411794171333e+10 3.697976394439513204e+00 -1.307785749612897286e+00 -2.359441929037494390e+00 2.543481404782447775e-01 1.509750345633999347e-11 1.900663075583675088e-01 4.376438464643185866e-01 2.152385384501809829e-01 4.151651809892611694e+10 4.660243190107388306e+10 1.668629773792182469e+00
1.412537544622761154e+10 3.652632289822020262e+00 -1.295448082966160985e+00 -2.354616884111073283e+00 2.558201621746419296e-01 1.215263439468078781e-11 1.716605234856051487e-01 3.952629624335087244e-01 1.944158682277353778e-01 4.123919691540975952e+10 4.687975308459024048e+10 1.726193314550208857e+00
1.584893192461123848e+10 3.607509343574678340e+00 -1.283017601704025568e+00 -2.349727961297221057e+00 2.573032311462004618e-01 9.782692064775984396e-12 1.550452205740691369e-01 3.570048136338253575e-01 1.756091738260520951e-01 4.095816234709970093e+10 4.716078765290029907e+10 1.785737423150922432e+00
1.778279410038937378e+10 3.562609148507421164e+00 -1.270493183302951357e+00 -2.344799808968273780e+00 2.587970792704926137e-01 7.875016079885162957e-12 1.400397894858533276e-01 3.224535316961502085e-01 1.586227151928027712e-01 4.067335560337127686e+10 4.744559439662872314e+10 1.847331660611423843e+00
1.995262314968899155e+10 3.517932951348569759e+00 -1.257873587392578152e+00 -2.339841016479480285e+00 2.603014184115178264e-01 6.339326722117468565e-12 1.264861971091630344e-01 2.912452319330653960e-01 1.432802461020724338e-01 4.038472482542127228e+10 4.773422517457872772e+10 1.911046379148225505e+00
2.238721138568365097e+10 3.473482480185111854e+00 -1.245157687287527626e+00 -2.334798958421010262e+00 2.618159104411451610e-01 5.103487068586017725e-12 1.142528438085381737e-01 2.630768949857170691e-01 1.294221929291029249e-01 4.009220821503030396e+10 4.802674178496969604e+10 1.976956356656864866e+00
2.511886431509613037e+10 3.429260172018002706e+00 -1.232344544623493521e+00 -2.329674694957491798e+00 2.633401559235508671e-01 4.108854532856562663e-12 1.032097595012916869e-01 2.376492536791748322e-01 1.169040392124806871e-01 3.979573227961816406e+10 4.832321772038183594e+10 2.045142125554359591e+00
2.818382931264495468e+10 3.385267839253301325e+00 -1.219433028567318056e+00 -2.324504341877426938e+00 2.648737368505085787e-01 3.308106812726378396e-12 9.323511775787818312e-02 2.146817922928347666e-01 1.055957630631804978e-01 3.949523142091153717e+10 4.862371857908846283e+10 2.115685789596946087e+00
3.162277660168431091e+10 3.341506829655200850e+00 -1.206421851855931315e+00 -2.319304966947008495e+00 2.664162094111463541e-01 2.663368688116937230e-12 8.422311303224291890e-02 1.939308845535951120e-01 9.538044614201979243e-02 3.919065172018855286e+10 4.892829827981144714e+10 2.188669655925875368e+00
3.548133892335818481e+10 3.297978600734308596e+00 -1.193309735557929629e+00 -2.314034715099805073e+00 2.679670813249971362e-01 2.144379500199584294e-12 7.608545582688287789e-02 1.751932363806374959e-01 8.615234311866401540e-02 3.888193362930088806e+10 4.923701637069911194e+10 2.264180098724334123e+00
3.981071705535050964e+10 3.254685550871992739e+00 -1.180095666039132407e+00 -2.308665328658984883e+00 2.695257783616948344e-01 1.726659529924047419e-12 6.873955399673076228e-02 1.582786723319315469e-01 7.781554540084982541e-02 3.856900167837078094e+10 4.954994832162921906e+10 2.342310928851560003e+00
4.466835921509725952e+10 3.211629761217946744e+00 -1.166778522073955493e+00 -2.303241110072508313e+00 2.710916852182009285e-01 1.390326431141100899e-12 6.210360045245488098e-02 1.429988246230808890e-01 7.028360797697454088e-02 3.825178392072819519e+10 4.986716607927180481e+10 2.423159401731299400e+00
5.011872336272837830e+10 3.168812695600152995e+00 -1.153356973755360615e+00 -2.297780809240499433e+00 2.726641536147089706e-01 1.119486352265360550e-12 5.610722679753749748e-02 1.291916640332458899e-01 6.347884576056639361e-02 3.793022281732686615e+10 5.018872718267313385e+10 2.506822935745542047e+00
5.623413251903628540e+10 3.126235643066710423e+00 -1.139829610817446826e+00 -2.292266341261441909e+00 2.742424830768390720e-01 9.014105696857079996e-13 5.069004142976609589e-02 1.167181337594300067e-01 5.733110081574951944e-02 3.760426121053548431e+10 5.051468878946451569e+10 2.593402388053256846e+00
6.309573444802097321e+10 3.083900793936109164e+00 -1.126195287199281969e+00 -2.286644054156272254e+00 2.758258766990117072e-01 7.258708496932296915e-13 4.579935437580336804e-02 1.054569106544764601e-01 5.177672470540187893e-02 3.727382560474633789e+10 5.084512439525366211e+10 2.683007017285462759e+00
7.079457843841575623e+10 3.041810487024743548e+00 -1.112452893088015538e+00 -2.280950045333431486e+00 2.774134638657522189e-01 5.845271144089484583e-13 4.138135065040512289e-02 9.528408113558230197e-02 4.675819991065043035e-02 3.693883866509011841e+10 5.118011133490988159e+10 2.775752495042357548e+00
7.943282347243049622e+10 2.999966309284476829e+00 -1.098601058366542427e+00 -2.275211190001257044e+00 2.790043298701893049e-01 4.706959765187634850e-13 3.738871041199823275e-02 8.609068724093840719e-02 4.222383070123743309e-02 3.659923809713724518e+10 5.151971190286275482e+10 2.871755464598722885e+00
8.912509381337731934e+10 2.958369510321091855e+00 -1.084638275459530510e+00 -2.269432988442961818e+00 2.805974962376310278e-01 3.790198126868596938e-13 3.378017636284506853e-02 7.778173053179687768e-02 3.812702025691906693e-02 3.625496983731617737e+10 5.186398016268382263e+10 2.971134951501696708e+00
1.000000000000032654e+11 2.917021959430778022e+00 -1.070563218944590833e+00 -2.263548253847754932e+00 2.821918789184998944e-01 3.052157007782723246e-13 3.052157007782822784e-02 7.027851227598039263e-02 3.442551418672464697e-02 3.590596595586089325e+10 5.221298404413910675e+10 3.074018815700303442e+00
1.122018454302001953e+11 2.875926144327590972e+00 -1.056374759531703011e+00 -2.257568550823990439e+00 2.837862820300935396e-01 2.457909123366498806e-13 2.757819395414467731e-02 6.350113829051205749e-02 3.108102292256235272e-02 3.555214605259309387e+10 5.256680394740690613e+10 3.180545152869492576e+00
1.258925411794212494e+11 2.835083823663977043e+00 -1.042071504172581875e+00 -2.251535519847724487e+00 2.853794441389894687e-01 1.979301463481271773e-13 2.491792909978047393e-02 5.737565209343706285e-02 2.805910316296363755e-02 3.519344326391851807e+10 5.292550673608148193e+10 3.290854931902853497e+00
1.412537544622807312e+11 2.794496296150835946e+00 -1.027651874319987169e+00 -2.245469074544383048e+00 2.869700223427679719e-01 1.593791988208765703e-13 2.251291021663912040e-02 5.183789146474659243e-02 2.532876457400905917e-02 3.482980667800170135e+10 5.328914332199829865e+10 3.405090540819467826e+00
1.584893192461175842e+11 2.754165083595967456e+00 -1.013114341718353018e+00 -2.239308454974829665e+00 2.885565591419075315e-01 1.283386903056201713e-13 2.034031165947604997e-02 4.683529841396253529e-02 2.286193482704134208e-02 3.446117689412367249e+10 5.365777310587632751e+10 3.523403157626773030e+00
1.778279410038995667e+11 2.714092651124135003e+00 -9.984576990481597303e-01 -2.233028927332697755e+00 2.901374468211883606e-01 1.033477039471306615e-13 1.837810940039882879e-02 4.231716074277208639e-02 2.063312334812298504e-02 3.408747519096527863e+10 5.403147480903472137e+10 3.645958115273644218e+00
1.995262314968964539e+11 2.674280984530613914e+00 -9.836805533875632168e-01 -2.226686024673121267e+00 2.917109760582292100e-01 8.321980473091100164e-14 1.660453402386626726e-02 3.823335251946690522e-02 1.861936051656701979e-02 3.370863193322228622e+10 5.441031806677770996e+10 3.772927092104204405e+00
2.238721138568438416e+11 2.634731458666249804e+00 -9.687812635801810179e-01 -2.220303429649103322e+00 2.932753337407716931e-01 6.700685348573201632e-14 1.500096593274665227e-02 3.454100053725396580e-02 1.680000169014900582e-02 3.332459884445461273e+10 5.479435115554538727e+10 3.904483197159721808e+00
2.511886431509695129e+11 2.595445325496522848e+00 -9.537581109492393461e-01 -2.213847054349745491e+00 2.948285755433440181e-01 5.395040178944871725e-14 1.355172822294126167e-02 3.120400739045124314e-02 1.515637649195638280e-02 3.293532736739747238e+10 5.518362263260252380e+10 4.040807904490105962e+00
2.818382931264587402e+11 2.556424833553868847e+00 -9.386097330144754780e-01 -2.207255506439418369e+00 2.963685729891809562e-01 4.343936282305581382e-14 1.224287587255099875e-02 2.819026347951240213e-02 1.367151972020729835e-02 3.254074766691919327e+10 5.557820233308081055e+10 4.182099894510463933e+00
3.162277660168534546e+11 2.517672211156470219e+00 -9.233347488942478254e-01 -2.200582311947758551e+00 2.978930448342306803e-01 3.497455359474421940e-14 1.105992495070267506e-02 2.546641832112088791e-02 1.233010267519147121e-02 3.214079055901945496e+10 5.597815944098054504e+10 4.328569905195027268e+00
3.548133892335934448e+11 2.479188904593970122e+00 -9.079314520836658797e-01 -2.193857501624688844e+00 2.993995776001689979e-01 2.815665525644521560e-14 9.990358281021200632e-03 2.300365005154903636e-02 1.111835096587472822e-02 3.173541076867764664e+10 5.638353923132235718e+10 4.480431827569045566e+00
3.981071705535180664e+11 2.440976030635974681e+00 -8.923979718771444247e-01 -2.187079659420687605e+00 3.008855972861781969e-01 2.266561216326601739e-14 9.023342727181237269e-03 2.077701445258375856e-02 1.002383435327141269e-02 3.132457373178261566e+10 5.679437626821738434e+10 4.637907040009928039e+00
4.466835921509872437e+11 2.403035472015548013e+00 -8.767327181999163832e-01 -2.180163254998929823e+00 3.023483161032755051e-01 1.824538352532705072e-14 8.149913453265530960e-03 1.876586922668083829e-02 9.035262261289802796e-03 3.090822662397568893e+10 5.721072337602430725e+10 4.801236278152368975e+00
5.011872336273001709e+11 2.365369612007302891e+00 -8.609342938796523681e-01 -2.173135498214433081e+00 3.037847328739511910e-01 1.468650152710936322e-14 7.360687072035061382e-03 1.694860832626192415e-02 8.142400322466237031e-03 3.048630582405365753e+10 5.763264417594634247e+10 4.970680509497181099e+00
5.623413251903812256e+11 2.327980005571633981e+00 -8.450009411603299769e-01 -2.166044807700761687e+00 3.051916727673879004e-01 1.182043501713849951e-14 6.647119091864450019e-03 1.530555733228320184e-02 7.336046181002611917e-03 3.005877148620652771e+10 5.806017851379347229e+10 5.146507947873108613e+00
6.309573444802304688e+11 2.290867744990023880e+00 -8.289306737343281606e-01 -2.158913531484131010e+00 3.065657599564356461e-01 9.512230302716809641e-15 6.001811571886577282e-03 1.381968185638519572e-02 6.607915201285905274e-03 2.962560705723953247e+10 5.849334294276046753e+10 5.328993366530738740e+00
7.079457843841807861e+11 2.254034281099952963e+00 -8.127216245081191337e-01 -2.151654268040791962e+00 3.079033738758894523e-01 7.654298420368387040e-15 5.418828299118294035e-03 1.247731326304406425e-02 5.950490323300176680e-03 2.918678477997255325e+10 5.893216522002745056e+10 5.518432679953463982e+00
7.943282347243309326e+11 2.217481984853776567e+00 -7.963723110891275381e-01 -2.144250172055194081e+00 3.092006176491293723e-01 6.158929551483682645e-15 4.892211638421548742e-03 1.126473359040143507e-02 5.356939151964041843e-03 2.874225584815964890e+10 5.937669415184034729e+10 5.715151695278108512e+00
8.912509381338023682e+11 2.181212582255414922e+00 -7.798809525546056554e-01 -2.136770277286733855e+00 3.104533624545192660e-01 4.954967573585703913e-15 4.416119498380829261e-03 1.016849092585204138e-02 4.821108539057707490e-03 2.829199152254529572e+10 5.982695847745470428e+10 5.919490987366123669e+00
1.000000000000065430e+12 2.145227189312163496e+00 -7.632454625345481691e-01 -2.129246092202683016e+00 3.116572299617958453e-01 3.985572390362695524e-15 3.985572390362956095e-03 9.177119573098389133e-03 4.337468276583949026e-03 2.783599660629105377e+10 6.028295339370894623e+10 6.131798801063374604e+00
1.122018454302038818e+12 2.109526873638359223e+00 -7.464636918414099265e-01 -2.121617993452826312e+00 3.128075567771742560e-01 3.205374149495999431e-15 3.596488948677213724e-03 8.281221840341980098e-03 3.901009741247941920e-03 2.737427652373776245e+10 6.074467347626223755e+10 6.352446094414159639e+00
1.258925411794253662e+12 2.074113784606111732e+00 -7.295339706969102833e-01 -2.113816794340711791e+00 3.138993449980311268e-01 2.577697723501806090e-15 3.245129168040621591e-03 7.472186047170505802e-03 3.507174544060131204e-03 2.690681130810100937e+10 6.121213869189898682e+10 6.581843322418690079e+00
1.412537544622853760e+12 2.038989862258866470e+00 -7.124545196617955156e-01 -2.105919999530203590e+00 3.149272923431961080e-01 2.072548693036069207e-15 2.927552841972473879e-03 6.740939532878171755e-03 3.151846404558915696e-03 2.643359243128450394e+10 6.168535756871549988e+10 6.820428359751307568e+00
1.584893192461227539e+12 2.004156243647076785e+00 -6.952231460751910896e-01 -2.097962758199901856e+00 3.158857923073059570e-01 1.665990898511675571e-15 2.640417633753518352e-03 6.079786282759463631e-03 2.831328259167976286e-03 2.595465137959981918e+10 6.216429862040017700e+10 7.068651851702217215e+00
1.778279410039053711e+12 1.969613750555205822e+00 -6.778374578184861443e-01 -2.089930305470954153e+00 3.167688999875399314e-01 1.338860263571607368e-15 2.380867639628849938e-03 5.482150335401309894e-03 2.542279843713958227e-03 2.547003620571613312e+10 6.264891379428386688e+10 7.326989152954983098e+00
1.995262314969029785e+12 1.935364128764595293e+00 -6.602954890181655934e-01 -2.081712930245861681e+00 3.175702854227618888e-01 1.075812018451025320e-15 2.146527178406097257e-03 4.942561482704450025e-03 2.281662048261315356e-03 2.497977366246512222e+10 6.313917633753488159e+10 7.595963929716280205e+00
2.238721138568511719e+12 1.901409481198633733e+00 -6.425954433606929639e-01 -2.073362146646656967e+00 3.182832403162331736e-01 8.642549412616823295e-16 1.934825806114815784e-03 4.455101058700163159e-03 2.046720484726201154e-03 2.448388777295440674e+10 6.363506222704559326e+10 7.876147146155522805e+00
2.511886431509777344e+12 1.867750992477974936e+00 -6.247350292498738966e-01 -2.064934818228487234e+00 3.189006911238049802e-01 6.940893960037525463e-16 1.743473736076642721e-03 4.014496634716713426e-03 1.834980542390780020e-03 2.398244555943796921e+10 6.413650444056202698e+10 8.168133843432480390e+00
2.818382931264679688e+12 1.834389379020868960e+00 -6.067116626521167344e-01 -2.056454505511406960e+00 3.194151670604664650e-01 5.572325056205752072e-16 1.570494582586878882e-03 3.616197414492453629e-03 1.644213191160551635e-03 2.347555084205858231e+10 6.464339915794142151e+10 8.472546426424951704e+00
3.162277660168638184e+12 1.801325882228142605e+00 -5.885229949824327678e-01 -2.047795512300024434e+00 3.198187685737249875e-01 4.472519408817846434e-16 1.414334821117531988e-03 3.256626275607629479e-03 1.472392598908050208e-03 2.296329620235955429e+10 6.515565379764044189e+10 8.790065772682735812e+00
3.548133892336050781e+12 1.768562616644442143e+00 -5.701671356775038779e-01 -2.038956139280744484e+00 3.201031610913690484e-01 3.588816350268826317e-16 1.273360092575858945e-03 2.932019967178690987e-03 1.317676442838392739e-03 2.244575730392393112e+10 6.567319269607606506e+10 9.121447008249877086e+00
3.981071705535311035e+12 1.736100888734250836e+00 -5.516417301798393069e-01 -2.030023132230186711e+00 3.202595868518177680e-01 2.878601712947135495e-16 1.145991983091932146e-03 2.638744056958167508e-03 1.178407342234971938e-03 2.192305158587747574e+10 6.619589841412252808e+10 9.467489963737104830e+00
4.466835921510018555e+12 1.703941392514148001e+00 -5.329440337511673897e-01 -2.021039141960762286e+00 3.202788421612309810e-01 2.307871588366326237e-16 1.030888371314709001e-03 2.373708196330159576e-03 1.053096035902764379e-03 2.139535172733108139e+10 6.672359827266891479e+10 9.829030303013031045e+00
5.011872336273166016e+12 1.672084883537773292e+00 -5.140712810400078769e-01 -2.011904139570547478e+00 3.201512614472556417e-01 1.849576762340574674e-16 9.269842608988414310e-04 2.134460140585775576e-03 9.403918274798664769e-04 2.086283655808033752e+10 6.725611344191966248e+10 1.020697500493955978e+01
5.623413251903997070e+12 1.640533277873187590e+00 -4.950213584148547286e-01 -2.002542745224872078e+00 3.198667265596421005e-01 1.481772131507972629e-16 8.332617040623965625e-04 1.918655978336890463e-03 8.390639245068002433e-04 2.032566062843273926e+10 6.779328937156726074e+10 1.060233812223884975e+01
6.309573444802510742e+12 1.609288078188726434e+00 -4.757918937422483951e-01 -1.993065244465796360e+00 3.194146708760509101e-01 1.186517789848083833e-16 7.486421138611235385e-04 1.723812171364174283e-03 7.480022207642740475e-04 1.978401275456546021e+10 6.833493724543453979e+10 1.101621417801434077e+01
7.079457843842039062e+12 1.578349974844600823e+00 -4.563799816384870311e-01 -1.983517125164898864e+00 3.187840652797462315e-01 9.495432133960570509e-17 6.722251150143691584e-04 1.547855528968294404e-03 6.662105282559627152e-04 1.923815031791657257e+10 6.888079968208343506e+10 1.144975435770305339e+01
7.943282347243568359e+12 1.547719375906276840e+00 -4.367824770197278328e-01 -1.973858205080936123e+00 3.179634185848413952e-01 7.594559652961417421e-17 6.032573162645666742e-04 1.389051303670385800e-03 5.927878574399960679e-04 1.868836020127783585e+10 6.943058979872216797e+10 1.190420051790570533e+01
8.912509381338316406e+12 1.517397791521136741e+00 -4.169968884845957624e-01 -1.963946410701852496e+00 3.169408324441522762e-01 6.071255041210265152e-17 5.411011751128403475e-04 1.245931499616386925e-03 5.269132873578270424e-04 1.813491012931042480e+10 6.998403987068957520e+10 1.238093993068441101e+01
1.000000000000098242e+13 1.487386922393502120e+00 -3.970208369891005673e-01 -1.953872316012743582e+00 3.157040214744843420e-01 4.850459384214775247e-17 4.850459384215251952e-04 1.116859547226711855e-03 4.678435111867498440e-04 1.757808583803282166e+10 7.054086416196717834e+10 1.288150075228614178e+01
1.122018454302075391e+13 1.457687476499739621e+00 -3.768512597868214353e-01 -1.943704509353301857e+00 3.142402906124165951e-01 3.872267549633336841e-17 4.344755650683681581e-04 1.000416959396589148e-03 4.149115985211675357e-04 1.701824937861618423e+10 7.110070062138381958e+10 1.340751037030946335e+01
1.258925411794294922e+13 1.428299692170577284e+00 -3.564847103648774995e-01 -1.933463780406421195e+00 3.125365666127026265e-01 3.088833570916408044e-17 3.888611075229981575e-04 8.953857894276103652e-04 3.675165298005627647e-04 1.645582182508877182e+10 7.166312817491122437e+10 1.396071648872747595e+01
1.412537544622899805e+13 1.399224541637732244e+00 -3.359181843323950090e-01 -1.922969197718993328e+00 3.105795102179703671e-01 2.462175400140486607e-17 3.477915194145348929e-04 8.008195680736573735e-04 3.251113958630312637e-04 1.589121891757811165e+10 7.222773108242189026e+10 1.454306468388734075e+01
1.584893192461279492e+13 1.370463803311478657e+00 -3.151492251105534881e-01 -1.912246751615014562e+00 3.083556167885407873e-01 1.961102601258906554e-17 3.108138162453347847e-04 7.156752599830984527e-04 2.871990251616125117e-04 1.532485477909488869e+10 7.279409522090510559e+10 1.515673576896555907e+01
1.778279410039111719e+13 1.342018290872089237e+00 -2.941746680185228224e-01 -1.901408584398918800e+00 3.058511702923521480e-01 1.560502292143509230e-17 2.775009095437641128e-04 6.389694576077603605e-04 2.533329072218412094e-04 1.475722100967791367e+10 7.336172899032208252e+10 1.580408891210559652e+01
1.995262314969094922e+13 1.313888203380430886e+00 -2.729908353015885747e-01 -1.890513212380099617e+00 3.030523197502498212e-01 1.240388727294871521e-17 2.474900883483934920e-04 5.698669880947902690e-04 2.231119960792775575e-04 1.418889592067836189e+10 7.393005407932164001e+10 1.648766011570241830e+01
2.238721138568585156e+13 1.286073960324083831e+00 -2.515941360777645963e-01 -1.879395584345073811e+00 2.999452458305555402e-01 9.849458968907789905e-18 2.205019199715780925e-04 5.077244339031218535e-04 1.961722105293298548e-04 1.362047403351907349e+10 7.449847596648092651e+10 1.721026290586273078e+01
2.511886431509859375e+13 1.258577217505789658e+00 -2.299818904895210014e-01 -1.867979217840369577e+00 2.965164299572627948e-01 7.813061191576289302e-18 1.962552239567673536e-04 4.518943531050604841e-04 1.721817408541253993e-04 1.305253385432227135e+10 7.506641614567773438e+10 1.797508565287812132e+01
2.818382931264771875e+13 1.231399001068257171e+00 -2.081509222783510249e-01 -1.856421623407216837e+00 2.927526134513075973e-01 6.189916333222102866e-18 1.744555453951019742e-04 4.016987382169078793e-04 1.508419135710762932e-04 1.248572181398686028e+10 7.563322818601313782e+10 1.878563971827824375e+01
3.162277660168741406e+13 1.204539524258217975e+00 -1.860973563644129081e-01 -1.844789587804416264e+00 2.886408968297650146e-01 4.897078018464462645e-18 1.548592041789357784e-04 3.565764950553387868e-04 1.318850327392702133e-04 1.192078812604788780e+10 7.619816187395211792e+10 1.964572962853921467e+01
3.548133892336166406e+13 1.177998782893952434e+00 -1.638170520318768808e-01 -1.832994267182413317e+00 2.841689761352347854e-01 3.868723710710445607e-18 1.372674971805626961e-04 3.160700927605658854e-04 1.150688680438726656e-04 1.135852490281479836e+10 7.676042509718519592e+10 2.055957122241820656e+01
3.981071705535441406e+13 1.151778078384248616e+00 -1.413069034247243783e-01 -1.820850000225068932e+00 2.793256341409518506e-01 3.052094047271817173e-18 1.215060525422698092e-04 2.797780252923817452e-04 1.001726650925490440e-04 1.079970605561488152e+10 7.731924394438511658e+10 2.153196129915427193e+01
4.466835921510164844e+13 1.125878708155326979e+00 -1.185638046927438988e-01 -1.808513088309844585e+00 2.741008195927834290e-01 2.403907062440880588e-18 1.073785841848290385e-04 2.472483272507935634e-04 8.699700627896971548e-05 1.024514753311007690e+10 7.787380246688992310e+10 2.256828533195569264e+01
5.011872336273329688e+13 1.100300917554053237e+00 -9.558370380599989780e-02 -1.796071268754688699e+00 2.684856875170563151e-01 1.889905031439550750e-18 9.471962745255661277e-05 2.181000021862064455e-04 7.536329804304476947e-05 9.695770763811243057e+09 7.842317923618875122e+10 2.367445743516634593e+01
5.623413251904180469e+13 1.075044487009042538e+00 -7.236204398758813716e-02 -1.783533052880230230e+00 2.624729544924464530e-01 1.482869512193840635e-18 8.338788065715530646e-05 1.920076909375323469e-04 6.511060571495134574e-05 9.152563773515285492e+09 7.896638622648471069e+10 2.485704058954110707e+01
6.309573444802717188e+13 1.050110188325442007e+00 -4.889509992580871184e-02 -1.770634498395508460e+00 2.560575730358717883e-01 1.161279367152057143e-18 7.327177456979924752e-05 1.687144958616399544e-04 5.609255104497208090e-05 8.616499999383407593e+09 7.950245000061659241e+10 2.612351442969117343e+01
7.079457843842270312e+13 1.025499506583736897e+00 -2.517981738316822302e-02 -1.757454863896169117e+00 2.492371081414677947e-01 9.074922825671964025e-19 6.424553358046664097e-05 1.479308079138308895e-04 4.817641845058534707e-05 8.088553394065065384e+09 8.003039660593493652e+10 2.748243207229996798e+01
7.943282347243828125e+13 1.001212804246004673e+00 -1.212069393030277891e-03 -1.744145209787664630e+00 2.420116344175984591e-01 7.074467150405687477e-19 5.619449003197384516e-05 1.293925950560254881e-04 4.124333337633897016e-05 7.569785435414045334e+09 8.054916456458595276e+10 2.894334671625558997e+01
8.912509381338607812e+13 9.772498201438942766e-01 2.301295835217576080e-02 -1.730787687943892594e+00 2.343841958622960020e-01 5.500227639266081288e-19 4.902083043445685151e-05 1.128746334045691821e-04 3.518665266482412746e-05 7.061335899087553978e+09 8.105761410091244507e+10 3.051691879203877988e+01
1.000000000000130938e+14 9.536107274211527152e-01 4.749973334133839042e-02 -1.717107742861216924e+00 2.263615353033119892e-01 4.264919890330748113e-19 4.264919890331306826e-05 9.820340962290668801e-05 2.990970158913725137e-05 6.564328317746912956e+09 8.155462168225308228e+10 3.221533412024953691e+01
1.122018454302112188e+14 9.302969994800692755e-01 7.225138953791498952e-02 -1.703042689370756424e+00 2.179548964520320042e-01 3.297694157266486275e-19 3.700073701097249279e-05 8.519734547125833515e-05 2.532468271178314341e-05 6.079837308998855591e+09 8.203911269100114441e+10 3.405273476494267726e+01
1.258925411794336094e+14 9.073092378732248164e-01 9.727194113985443424e-02 -1.688822323683075277e+00 2.091797447145763156e-01 2.541553395984933885e-19 3.199626155637626523e-05 7.367411489125045730e-05 2.135289620272044189e-05 5.608979285737970352e+09 8.250997071426202393e+10 3.604522468596922380e+01
1.412537544622946250e+14 8.846472209318236857e-01 1.225663338604637692e-01 -1.674556394944595628e+00 2.000561162176826557e-01 1.951781290945179321e-19 2.756964352352707883e-05 6.348145019643329848e-05 1.792400707552836155e-05 5.152928917693911552e+09 8.296602108230609131e+10 3.821099069513378765e+01
1.584893192461331250e+14 8.623106081272824408e-01 1.481397389688523525e-01 -1.660061392975824113e+00 1.906092308255166179e-01 1.493299406361961849e-19 2.366720063449620517e-05 5.449574337389018712e-05 1.497457723627028881e-05 4.712829256491483688e+09 8.340612074350851440e+10 4.057094683380348243e+01
1.778279410039170000e+14 8.403005851341667221e-01 1.739956117086060017e-01 -1.645092987738814960e+00 1.808705729144984564e-01 1.138139425983402689e-19 2.023929906980084957e-05 4.660270833077169417e-05 1.244711594365375245e-05 4.289722833071309090e+09 8.382922716692869568e+10 4.314963121884462538e+01
1.995262314969160312e+14 8.186180849234782064e-01 2.001376226642320455e-01 -1.629923242837321595e+00 1.708774744772823262e-01 8.636698889470710818e-20 1.723247981989690575e-05 3.967925114861533636e-05 1.029006695666908567e-05 3.884614955122057915e+09 8.423433504487794495e+10 4.597558526092983300e+01
2.238721138568658125e+14 7.972629243015223466e-01 2.265707621208006006e-01 -1.614675417079345587e+00 1.606728420718065986e-01 6.522469845309795396e-20 1.460199111837168429e-05 3.362232707719409571e-05 8.457527501023857997e-06 3.498511132975527763e+09 8.462043886702447510e+10 4.908161680519673098e+01
2.511886431509941875e+14 7.762344509455001429e-01 2.533006769231549438e-01 -1.599324097281718426e+00 1.503054421073474201e-01 4.900387525651060071e-20 1.230921693482347489e-05 2.834301942055439416e-05 6.908393838580152866e-06 3.132347482310286522e+09 8.498660251768971252e+10 5.250584319991126137e+01
2.818382931264864375e+14 7.555333042907246277e-01 2.803314157912767945e-01 -1.583471514801436220e+00 1.398306807047899891e-01 3.662231950773316666e-20 1.032157202039234326e-05 2.376629787041984701e-05 5.605660906305802427e-06 2.786905046890635014e+09 8.533204495310935974e+10 5.629343184811274625e+01
3.162277660168845000e+14 7.351606884230624805e-01 3.076661799591329793e-01 -1.567305097988635598e+00 1.293100182356899663e-01 2.720845939205574462e-20 8.604070330310906907e-06 1.981160408164625063e-05 4.516213357504154983e-06 2.462824243748517513e+09 8.565612575625148010e+10 6.049811591585720549e+01
3.548133892336283125e+14 7.151164968607651717e-01 3.353098168878168028e-01 -1.551038601256342409e+00 1.188094805881189653e-01 2.008287921021728807e-20 7.125674438146768832e-06 1.640747173880547307e-05 3.610736461992865787e-06 2.160659994839755535e+09 8.595829000516024780e+10 6.518305875419234496e+01
3.981071705535571875e+14 6.953999550350786762e-01 3.632681240688919178e-01 -1.534790627189550394e+00 1.083991949565730473e-01 1.471783087942861821e-20 5.859274008095099469e-06 1.349147698680725000e-05 2.863262743852550760e-06 1.880843885184586525e+09 8.623810611481541443e+10 7.042274227070323889e+01
4.466835921510310625e+14 6.760109865568642018e-01 3.915459507681866014e-01 -1.518090050387762568e+00 9.815309961615704959e-02 1.070641062701237372e-20 4.782377957917859857e-06 1.101183219496497113e-05 2.250680014308248027e-06 1.623597422914147854e+09 8.649535257708584595e+10 7.630659626642240312e+01
5.011872336273493750e+14 6.569508372858512413e-01 4.201460923904355438e-01 -1.500924790770807871e+00 8.814797946822869323e-02 7.725984760445569707e-21 3.872164929134774912e-06 8.915989243440078404e-06 1.752484478348123737e-06 1.388912804289592266e+09 8.673003719571040344e+10 8.294342025305832067e+01
5.623413251904365000e+14 6.382195757724153928e-01 4.490728921950392638e-01 -1.483645074128233432e+00 7.846053998833385501e-02 5.525482685413049049e-21 3.107207255631985930e-06 7.154609107661150055e-06 1.350719519570594656e-06 1.176614995519776344e+09 8.694233500448022461e+10 9.046451822459081882e+01
6.309573444802923750e+14 6.198163890490636652e-01 4.783319914981505327e-01 -1.466443713560567019e+00 6.916573139751167054e-02 3.912990176254630343e-21 2.468929890587092926e-06 5.684921161713260593e-06 1.029731262836235787e-06 9.863581173548731804e+08 8.713259188264512634e+10 9.902815792820591412e+01
7.079457843842502500e+14 6.017404681102953568e-01 5.079290427264328001e-01 -1.448945156748929985e+00 6.033516981100394555e-02 2.742305007788083993e-21 1.941403269759392625e-06 4.470246228437875772e-06 7.758520780824584156e-07 8.175672490459587574e+08 8.730138275095404053e+10 1.088279272013894712e+02
7.943282347244088750e+14 5.839927474634775129e-01 5.378667149579450246e-01 -1.430828127024970975e+00 5.203571766583117014e-02 1.900597382155163266e-21 1.509698163489143666e-06 3.476208486170590249e-06 5.771907102172475697e-07 6.694186859725573063e+08 8.744953131402743530e+10 1.201047607575962246e+02
8.912509381338898750e+14 5.665735584825871696e-01 5.681483596662098012e-01 -1.412572625874020327e+00 4.432595268743186323e-02 1.300978162856265181e-21 1.159498008137350892e-06 2.669842828893353128e-06 4.235394273406496841e-07 5.408999240656795502e+08 8.757805007593432617e+10 1.331584460438502902e+02
